0.072108081	 4.9327	 780.844	 1.0	 0.0	 24.72	 22.0	 0.6025	 0.05	 4.0	 1.0	 0.0	 0.0
0.693869236	 2.61592	 299.326	 5.0	 1.0	 70.75	 4.0	 0.709	 0.001	 1.0	 0.0	 4.0	 0.0
0.806113567	 3.1595	 291.354	 3.0	 1.0	 48.99	 3.0	 0.942	 0.1	 3.0	 0.0	 1.0	 0.0
0.500938839	 1.9073	 162.188	 2.0	 0.0	 26.3	 3.0	 0.84	 0.1	 0.0	 0.0	 2.0	 0.0
0.687292653	 1.5779	 160.176	 3.0	 1.0	 38.05	 1.0	 0.887	 5.0	 2.0	 0.0	 1.0	 0.0
0.544882981	 3.7156	 419.437	 7.0	 3.0	 103.62	 5.0	 0.472	 0.05	 3.0	 0.0	 5.0	 0.0
0.301956265	 -1.099	 399.207	 2.0	 1.0	 45.34	 4.0	 0.543	 0.1	 3.0	 0.0	 1.0	 0.0
0.66715862	 2.1936	 224.223	 5.0	 0.0	 64.7	 2.0	 0.9743	 1.2	 4.0	 0.0	 1.0	 0.0
0.460770699	 4.39792	 265.316	 3.0	 0.0	 54.15	 3.0	 0.8988	 0.01	 3.0	 0.0	 1.0	 0.0
0.625606628	 2.2088	 223.235	 4.0	 0.0	 47.26	 2.0	 0.866	 0.1	 3.0	 0.0	 1.0	 0.0
0.7570681	 3.0935	 248.285	 2.0	 1.0	 45.75	 2.0	 0.92	 0.1	 2.0	 0.0	 1.0	 0.0
0.337684219	 6.9778	 372.518	 4.0	 0.0	 24.72	 5.0	 0.7259	 0.1	 2.0	 2.0	 0.0	 0.0
0.046089926	 6.4931	 836.952	 1.0	 0.0	 24.72	 26.0	 0.6156	 0.05	 4.0	 1.0	 0.0	 0.0
0.388816583	 0.2487	 180.236	 3.0	 2.0	 63.3	 2.0	 0.9	 0.5	 4.0	 1.0	 0.0	 0.0
0.64136038	 0.9402	 214.261	 4.0	 0.0	 40.22	 2.0	 0.929	 1.0	 0.0	 0.0	 4.0	 0.0
0.75995588	 1.6968	 264.3	 3.0	 0.0	 40.62	 5.0	 0.582	 0.001	 2.0	 0.0	 2.0	 0.0
0.388816583	 0.2487	 180.236	 3.0	 2.0	 63.3	 2.0	 0.706	 0.15	 4.0	 1.0	 0.0	 0.0
0.114326601	 3.8418	 741.449	 4.0	 1.0	 55.4	 17.0	 0.945	 0.05	 2.0	 1.0	 3.0	 0.0
0.544882981	 3.7156	 419.437	 7.0	 3.0	 103.62	 5.0	 0.653	 0.1	 3.0	 0.0	 5.0	 0.0
0.615241469	 1.0773	 316.277	 8.0	 0.0	 115.75	 4.0	 0.988	 1.0	 6.0	 0.0	 4.0	 0.0
0.408306999	 1.1856	 168.152	 4.0	 1.0	 78.39	 2.0	 0.861	 1.0	 2.0	 0.0	 3.0	 0.0
0.403203132	 2.5895	 240.218	 3.0	 1.0	 76.0	 1.0	 0.401	 0.001	 2.0	 0.0	 3.0	 0.0
0.405536783	 3.6718	 461.01	 7.0	 1.0	 81.65	 8.0	 0.83	 1.0	 6.0	 0.0	 1.0	 0.0
0.510666528	 1.4711	 163.136	 3.0	 1.0	 71.82	 1.0	 0.759	 1.0	 3.0	 0.0	 2.0	 0.0
0.415737599	 5.635	 345.452	 5.0	 0.0	 38.67	 2.0	 0.96	 1.0	 3.0	 2.0	 0.0	 0.0
0.527576502	 4.2351	 323.359	 4.0	 1.0	 67.35	 2.0	 0.505	 0.01	 5.0	 0.0	 0.0	 0.0
0.605331363	 2.8121	 209.252	 2.0	 2.0	 54.7	 1.0	 0.841	 0.5	 3.0	 0.0	 0.0	 0.0
0.774127202	 3.15682	 227.263	 3.0	 2.0	 52.82	 2.0	 0.85	 1.0	 1.0	 0.0	 2.0	 0.0
0.020655321	 11.0515	 813.636	 6.0	 2.0	 73.8	 34.0	 0.996	 0.48	 5.0	 0.0	 2.0	 0.0
0.341201529	 6.38474	 458.359	 4.0	 1.0	 50.94	 3.0	 0.944	 0.1	 3.0	 0.0	 1.0	 0.0
0.78147657	 3.8784	 393.56	 4.0	 1.0	 48.1	 5.0	 0.946	 0.01	 5.0	 1.0	 0.0	 0.0
0.553031528	 0.0237	 365.411	 6.0	 4.0	 132.96	 4.0	 0.934	 5.0	 3.0	 1.0	 5.0	 0.0
0.638054264	 3.8256	 219.287	 1.0	 0.0	 12.89	 2.0	 0.9474	 1.0	 1.0	 0.0	 0.0	 0.0
0.388816583	 0.2487	 180.236	 3.0	 2.0	 63.3	 2.0	 0.877	 0.5	 4.0	 1.0	 0.0	 0.0
0.572529309	 0.3642	 407.314	 6.0	 1.0	 111.42	 4.0	 0.2012	 1.0	 3.0	 2.0	 5.0	 0.0
0.544882981	 3.7156	 419.437	 7.0	 3.0	 103.62	 5.0	 0.93	 1.0	 3.0	 0.0	 5.0	 0.0
0.860282465	 3.5624	 258.365	 3.0	 1.0	 36.36	 6.0	 0.817	 0.001	 2.0	 0.0	 1.0	 0.0
0.837907871	 2.8496	 271.272	 4.0	 2.0	 79.12	 4.0	 0.8753	 1.0	 1.0	 0.0	 4.0	 0.0
0.295692545	 7.096	 400.572	 4.0	 0.0	 24.72	 7.0	 0.583	 0.5	 2.0	 2.0	 0.0	 0.0
0.639898884	 1.4545	 159.192	 3.0	 1.0	 43.84	 1.0	 0.423	 0.1	 3.0	 0.0	 0.0	 0.0
0.424381502	 -0.6719	 121.161	 3.0	 3.0	 63.32	 2.0	 0.14	 0.1	 1.0	 1.0	 2.0	 0.0
0.377652927	 2.591	 380.585	 8.0	 3.0	 81.24	 16.0	 0.8715	 0.1	 8.0	 0.0	 0.0	 0.0
0.114326601	 3.8418	 741.449	 4.0	 1.0	 55.4	 17.0	 0.878	 0.0075	 2.0	 1.0	 3.0	 0.0
0.53696154	 2.729	 277.331	 3.0	 3.0	 69.39	 4.0	 0.809	 0.1	 5.0	 0.0	 0.0	 0.0
0.395512834	 0.5519	 223.257	 3.0	 3.0	 87.71	 3.0	 0.813	 0.05	 3.0	 1.0	 2.0	 0.0
0.229643581	 7.875	 476.583	 4.0	 0.0	 50.5	 6.0	 0.8111	 1.0	 4.0	 0.0	 0.0	 0.0
0.273145912	 3.8015	 268.099	 2.0	 0.0	 43.14	 2.0	 0.95	 1.0	 1.0	 0.0	 2.0	 0.0
0.529675929	 -0.0649	 135.13	 4.0	 2.0	 80.48	 0.0	 0.699	 1.0	 5.0	 0.0	 0.0	 0.0
0.761334114	 1.4157	 218.256	 4.0	 2.0	 68.37	 4.0	 0.989	 1.0	 2.0	 0.0	 2.0	 0.0
0.605331363	 2.8121	 209.252	 2.0	 2.0	 54.7	 1.0	 0.791	 0.1	 3.0	 0.0	 0.0	 0.0
0.370191345	 -1.1031	 294.18	 1.0	 0.0	 8.81	 5.0	 0.851	 0.5	 2.0	 0.0	 0.0	 0.0
0.658777772	 2.15392	 239.278	 3.0	 1.0	 54.35	 3.0	 0.631	 0.25	 3.0	 0.0	 1.0	 0.0
0.765927801	 2.1351	 259.242	 4.0	 2.0	 67.79	 6.0	 0.8194	 0.5	 1.0	 0.0	 4.0	 1.0
0.697015693	 5.0777	 268.404	 2.0	 1.0	 24.39	 0.0	 0.897	 1.0	 2.0	 0.0	 0.0	 0.0
0.480899034	 4.0981	 281.315	 4.0	 0.0	 63.38	 4.0	 0.9205	 0.01	 3.0	 0.0	 2.0	 0.0
0.644676517	 1.4351	 174.203	 3.0	 0.0	 30.35	 2.0	 0.928	 1.0	 2.0	 0.0	 1.0	 0.0
0.408306999	 1.1856	 168.152	 4.0	 1.0	 78.39	 2.0	 0.69	 0.01	 2.0	 0.0	 3.0	 0.0
0.777972763	 3.7469	 282.73	 2.0	 1.0	 45.75	 2.0	 0.928	 1.0	 2.0	 0.0	 1.0	 0.0
0.539835439	 0.6551	 371.322	 1.0	 0.0	 8.81	 7.0	 0.942	 0.1	 2.0	 0.0	 0.0	 0.0
0.716617402	 3.9942	 291.306	 3.0	 2.0	 69.89	 3.0	 0.8822	 0.75	 1.0	 0.0	 3.0	 0.0
0.533791648	 2.5087	 281.271	 5.0	 0.0	 78.03	 2.0	 0.822	 0.01	 3.0	 0.0	 3.0	 0.0
0.456223236	 4.7429	 285.734	 3.0	 0.0	 54.15	 3.0	 0.9069	 0.05	 3.0	 0.0	 1.0	 0.0
0.031007293	 9.0754	 977.068	 4.0	 0.0	 43.18	 29.0	 0.9418	 0.05	 4.0	 0.0	 2.0	 0.0
0.800122242	 3.7227	 326.831	 4.0	 1.0	 30.87	 0.0	 0.916	 0.1	 4.0	 0.0	 0.0	 0.0
0.070237473	 4.1416	 740.67	 15.0	 11.0	 267.29	 4.0	 0.8572	 2.0	 0.0	 0.0	 15.0	 0.0
0.475094253	 3.4462	 299.294	 5.0	 1.0	 139.87	 7.0	 0.967	 1.0	 7.0	 0.0	 2.0	 0.0
0.632365415	 1.0216	 147.181	 2.0	 2.0	 54.7	 1.0	 0.634	 1.0	 3.0	 0.0	 0.0	 0.0
0.13866625	 2.5712	 641.435	 4.0	 1.0	 55.4	 15.0	 0.675	 0.0075	 2.0	 1.0	 3.0	 0.0
0.460770699	 4.39792	 265.316	 3.0	 0.0	 54.15	 3.0	 0.9425	 0.05	 3.0	 0.0	 1.0	 0.0
0.436026139	 4.2811	 312.423	 4.0	 2.0	 57.36	 4.0	 0.971	 1.0	 4.0	 2.0	 0.0	 0.0
0.679034271	 3.43811	 287.175	 4.0	 1.0	 45.97	 2.0	 0.82	 0.1	 4.0	 1.0	 0.0	 0.0
0.882795609	 2.9651	 274.32	 4.0	 2.0	 71.45	 2.0	 0.85	 0.001	 2.0	 0.0	 3.0	 0.0
0.542892761	 3.4899	 356.466	 3.0	 1.0	 54.45	 6.0	 0.98	 1.0	 2.0	 0.0	 2.0	 0.0
0.645836573	 1.6848	 172.187	 3.0	 0.0	 34.89	 2.0	 0.642	 0.5	 2.0	 0.0	 1.0	 0.0
0.679034271	 3.43811	 287.175	 4.0	 1.0	 45.97	 2.0	 0.91	 0.5	 4.0	 1.0	 0.0	 0.0
0.424381502	 -0.6719	 121.161	 3.0	 3.0	 63.32	 2.0	 0.2	 0.5	 1.0	 1.0	 2.0	 0.0
0.638054264	 3.8256	 219.287	 1.0	 0.0	 12.89	 2.0	 0.9103	 0.5	 1.0	 0.0	 0.0	 0.0
0.172953213	 -2.58292	 488.413	 12.0	 7.0	 252.06	 4.0	 0.9127	 0.5	 6.0	 0.0	 9.0	 0.0
0.112539311	 -15.2306	 1134.987	 35.0	 21.0	 554.05	 7.0	 0.397	 0.01	 0.0	 0.0	 35.0	 0.0
0.341689578	 -0.5355	 306.351	 6.0	 4.0	 104.1	 4.0	 0.978	 1.0	 6.0	 1.0	 2.0	 0.0
0.538786429	 1.2404	 301.306	 8.0	 2.0	 108.31	 5.0	 0.87	 1.0	 5.0	 0.0	 3.0	 0.0
0.306154442	 6.872	 420.512	 4.0	 0.0	 43.18	 7.0	 0.7737	 0.05	 2.0	 0.0	 2.0	 0.0
0.405536783	 3.6718	 461.01	 7.0	 1.0	 81.65	 8.0	 0.802	 0.5	 6.0	 0.0	 1.0	 0.0
0.525476715	 5.30382	 375.859	 3.0	 1.0	 46.92	 4.0	 0.782	 0.001	 3.0	 0.0	 1.0	 0.0
0.275418237	 7.6787	 402.569	 5.0	 0.0	 24.72	 4.0	 0.7906	 0.1	 2.0	 3.0	 0.0	 0.0
0.652198006	 3.7919	 256.374	 3.0	 1.0	 15.6	 3.0	 0.682	 0.25	 2.0	 1.0	 0.0	 0.0
0.237675584	 6.8904	 431.669	 5.0	 0.0	 63.38	 18.0	 0.962	 0.1	 5.0	 0.0	 1.0	 0.0
0.322645251	 0.997	 330.333	 10.0	 1.0	 116.92	 5.0	 0.891	 1.0	 8.0	 1.0	 2.0	 0.0
0.324228952	 7.1031	 388.517	 5.0	 0.0	 33.95	 6.0	 0.82	 1.0	 2.0	 2.0	 1.0	 0.0
0.301956265	 -1.099	 399.207	 2.0	 1.0	 45.34	 4.0	 0.888	 1.0	 3.0	 0.0	 1.0	 0.0
0.397901645	 0.5679	 225.273	 4.0	 3.0	 79.87	 3.0	 0.88	 1.0	 3.0	 1.0	 2.0	 0.0
0.64283812	 1.5098	 288.303	 5.0	 2.0	 88.52	 5.0	 0.59	 0.001	 2.0	 0.0	 4.0	 0.0
0.072108081	 4.9327	 780.844	 1.0	 0.0	 24.72	 22.0	 0.4472	 0.01	 4.0	 1.0	 0.0	 0.0
0.59458768	 1.685	 246.27	 6.0	 0.0	 61.53	 5.0	 0.938	 1.0	 4.0	 0.0	 2.0	 0.0
0.540203252	 4.57127	 339.439	 3.0	 2.0	 53.11	 4.0	 0.65	 0.001	 3.0	 1.0	 0.0	 0.0
0.13866625	 2.5712	 641.435	 4.0	 1.0	 55.4	 15.0	 0.918	 0.05	 2.0	 1.0	 3.0	 0.0
0.678032221	 1.2906	 205.257	 3.0	 0.0	 28.3	 5.0	 0.954	 0.1	 1.0	 0.0	 2.0	 0.0
0.056274874	 8.5357	 645.94	 1.0	 1.0	 29.1	 33.0	 0.946	 0.1	 2.0	 0.0	 1.0	 0.0
0.46018745	 4.0895	 251.289	 3.0	 0.0	 54.15	 3.0	 0.9363	 0.05	 3.0	 0.0	 1.0	 0.0
0.435602071	 1.1435	 265.294	 5.0	 3.0	 96.92	 4.0	 0.968	 2.0	 3.0	 1.0	 3.0	 0.0
0.492567582	 5.61224	 389.886	 3.0	 1.0	 46.92	 4.0	 0.892	 0.1	 3.0	 0.0	 1.0	 0.0
0.28602442	 8.1616	 429.35	 2.0	 0.0	 24.72	 5.0	 0.9287	 0.25	 2.0	 0.0	 0.0	 0.0
0.3143137	 3.8473	 411.558	 8.0	 4.0	 106.68	 13.0	 0.959	 0.5	 9.0	 0.0	 0.0	 0.0
0.840443782	 3.78052	 255.342	 3.0	 1.0	 29.1	 1.0	 0.89	 0.1	 1.0	 1.0	 1.0	 0.0
0.489912417	 3.7097	 472.563	 9.0	 0.0	 81.16	 0.0	 0.992	 0.05	 2.0	 1.0	 6.0	 0.0
0.525476715	 5.30382	 375.859	 3.0	 1.0	 46.92	 4.0	 0.87	 0.1	 3.0	 0.0	 1.0	 0.0
0.595229684	 2.841	 190.271	 2.0	 1.0	 28.68	 3.0	 0.923	 0.1	 2.0	 1.0	 0.0	 0.0
0.65715307	 3.90872	 347.418	 5.0	 0.0	 48.52	 5.0	 0.9814	 1.0	 3.0	 0.0	 2.0	 0.0
0.669935642	 1.7369	 137.182	 2.0	 1.0	 21.26	 2.0	 0.827	 1.0	 1.0	 0.0	 1.0	 0.0
0.647495777	 2.3017	 166.611	 1.0	 1.0	 28.68	 1.0	 0.789	 0.1	 2.0	 0.0	 0.0	 0.0
0.693701966	 2.30364	 290.754	 4.0	 1.0	 59.28	 4.0	 0.65	 0.001	 4.0	 0.0	 1.0	 0.0
0.678032221	 1.2906	 205.257	 3.0	 0.0	 28.3	 5.0	 0.948	 0.01	 1.0	 0.0	 2.0	 0.0
0.237675584	 6.8904	 431.669	 5.0	 0.0	 63.38	 18.0	 0.962	 0.1	 5.0	 0.0	 1.0	 0.0
0.656380298	 2.5257	 178.622	 2.0	 0.0	 17.82	 1.0	 0.519	 1.0	 2.0	 0.0	 0.0	 0.0
0.353322091	 5.8101	 399.45	 6.0	 3.0	 105.75	 6.0	 0.974	 1.0	 3.0	 0.0	 3.0	 0.0
0.551178531	 3.1381	 239.234	 3.0	 1.0	 71.82	 2.0	 0.959	 1.0	 3.0	 0.0	 2.0	 0.0
0.35029642	 6.5875	 418.496	 4.0	 1.0	 47.28	 5.0	 0.906	 0.01	 2.0	 0.0	 2.0	 0.0
0.587323849	 1.9055	 210.287	 5.0	 2.0	 53.93	 2.0	 0.93	 5.0	 4.0	 2.0	 0.0	 0.0
0.765022516	 1.26802	 246.266	 5.0	 0.0	 61.19	 3.0	 0.867	 1.0	 2.0	 0.0	 3.0	 0.0
0.489912417	 3.7097	 472.563	 9.0	 0.0	 81.16	 0.0	 0.823	 0.001	 2.0	 1.0	 6.0	 0.0
0.720973739	 3.111	 362.385	 6.0	 1.0	 83.67	 3.0	 0.938	 1.0	 2.0	 0.0	 4.0	 0.0
0.632365415	 1.0216	 147.181	 2.0	 2.0	 54.7	 1.0	 0.218	 0.1	 3.0	 0.0	 0.0	 0.0
0.118409317	 3.499	 564.447	 3.0	 0.0	 30.82	 18.0	 0.7678	 0.05	 2.0	 0.0	 2.0	 0.0
0.219431003	 7.5624	 470.532	 6.0	 0.0	 68.96	 8.0	 0.7604	 0.5	 4.0	 0.0	 2.0	 0.0
0.114326601	 3.8418	 741.449	 4.0	 1.0	 55.4	 17.0	 0.924	 0.01	 2.0	 1.0	 3.0	 0.0
0.388816583	 0.2487	 180.236	 3.0	 2.0	 63.3	 2.0	 0.71	 0.15	 4.0	 1.0	 0.0	 0.0
0.383365286	 4.6604	 414.537	 9.0	 4.0	 118.28	 4.0	 0.851	 1.0	 4.0	 3.0	 2.0	 0.0
0.669269887	 2.0746	 362.403	 6.0	 0.0	 77.66	 8.0	 0.952	 0.01	 0.0	 1.0	 6.0	 0.0
0.81680249	 2.856	 245.253	 3.0	 2.0	 52.82	 3.0	 0.83	 0.01	 1.0	 0.0	 2.0	 0.0
0.344608358	 4.1421	 408.31	 5.0	 3.0	 80.97	 4.0	 0.8504	 0.05	 3.0	 1.0	 2.0	 0.0
0.558566383	 4.04372	 334.375	 5.0	 2.0	 88.82	 3.0	 0.7316	 0.1	 2.0	 0.0	 3.0	 0.0
0.034835049	 7.361	 970.656	 2.0	 0.0	 24.72	 26.0	 0.9048	 0.5	 4.0	 0.0	 0.0	 0.0
0.548948557	 2.7161	 168.199	 1.0	 1.0	 28.68	 0.0	 0.9	 0.8	 2.0	 0.0	 0.0	 0.0
0.747904394	 2.3431	 296.33	 6.0	 1.0	 75.19	 4.0	 0.96	 0.2	 4.0	 0.0	 2.0	 0.0
0.645836573	 1.6848	 172.187	 3.0	 0.0	 34.89	 2.0	 0.236	 0.1	 2.0	 0.0	 1.0	 0.0
0.632994974	 -0.8977	 230.094	 1.0	 1.0	 34.37	 1.0	 0.91	 1.0	 1.0	 0.0	 1.0	 0.0
0.776347529	 2.6335	 228.251	 4.0	 2.0	 65.71	 2.0	 0.808	 0.1	 2.0	 0.0	 2.0	 0.0
0.072108081	 4.9327	 780.844	 1.0	 0.0	 24.72	 22.0	 0.8778	 0.5	 4.0	 1.0	 0.0	 0.0
0.529376991	 1.1451	 133.154	 2.0	 2.0	 54.7	 0.0	 0.626	 1.0	 3.0	 0.0	 0.0	 0.0
0.575799902	 1.3973	 227.304	 3.0	 0.0	 38.66	 4.0	 0.755	 0.05	 1.0	 0.0	 2.0	 0.0
0.424381502	 -0.6719	 121.161	 3.0	 3.0	 63.32	 2.0	 0.45	 1.0	 1.0	 1.0	 2.0	 0.0
0.048569225	 0.1482	 782.965	 19.0	 2.0	 172.59	 44.0	 0.3153	 0.05	 0.0	 2.0	 17.0	 0.0
0.405536783	 3.6718	 461.01	 7.0	 1.0	 81.65	 8.0	 0.863	 2.0	 6.0	 0.0	 1.0	 0.0
0.824744796	 2.79452	 243.262	 4.0	 1.0	 62.8	 2.0	 0.865	 1.0	 1.0	 0.0	 3.0	 0.0
0.213726932	 0.0713	 441.288	 2.0	 1.0	 45.34	 7.0	 0.446	 0.1	 3.0	 0.0	 1.0	 0.0
0.79776327	 0.8608	 334.397	 4.0	 2.0	 86.71	 4.0	 0.92	 5.0	 2.0	 1.0	 4.0	 0.0
0.800581628	 3.1021	 278.311	 3.0	 1.0	 54.98	 3.0	 0.94	 0.1	 2.0	 0.0	 2.0	 0.0
0.800653278	 1.5765	 216.24	 3.0	 2.0	 62.22	 2.0	 0.919	 1.0	 2.0	 0.0	 2.0	 0.0
0.580158262	 0.0706	 343.268	 1.0	 0.0	 8.81	 5.0	 0.953	 0.5	 2.0	 0.0	 0.0	 0.0
0.826316693	 3.1799	 250.411	 1.0	 1.0	 15.27	 4.0	 0.83	 0.005	 2.0	 1.0	 0.0	 0.0
0.629081495	 1.6675	 137.182	 2.0	 1.0	 35.25	 2.0	 0.5526	 1.0	 1.0	 0.0	 1.0	 0.0
0.319052089	 3.3712	 408.639	 8.0	 3.0	 81.24	 18.0	 0.9265	 0.25	 8.0	 0.0	 0.0	 0.0
0.034835049	 7.361	 970.656	 2.0	 0.0	 24.72	 26.0	 0.8227	 0.05	 4.0	 0.0	 0.0	 0.0
0.628144734	 3.0547	 312.321	 4.0	 1.0	 72.83	 7.0	 0.7638	 0.001	 0.0	 0.0	 5.0	 0.0
0.7744217	 3.916	 353.853	 4.0	 1.0	 39.6	 3.0	 0.862	 0.001	 3.0	 0.0	 1.0	 0.0
0.826316693	 3.1799	 250.411	 1.0	 1.0	 15.27	 4.0	 0.96	 0.1	 2.0	 1.0	 0.0	 0.0
0.503067685	 1.4079	 111.119	 1.0	 1.0	 26.02	 0.0	 0.5738	 1.0	 1.0	 0.0	 0.0	 0.0
0.472640822	 1.8476	 243.06	 3.0	 2.0	 61.69	 2.0	 0.751	 1.0	 2.0	 0.0	 2.0	 0.0
0.595229684	 2.841	 190.271	 2.0	 1.0	 28.68	 3.0	 0.937	 1.0	 2.0	 1.0	 0.0	 0.0
0.520055541	 3.8928	 409.854	 7.0	 1.0	 84.03	 3.0	 0.918	 1.0	 3.0	 1.0	 3.0	 0.0
0.620574287	 1.0698	 250.327	 4.0	 2.0	 48.89	 3.0	 0.86	 1.0	 4.0	 1.0	 1.0	 0.0
0.492567582	 5.61224	 389.886	 3.0	 1.0	 46.92	 4.0	 0.87	 0.01	 3.0	 0.0	 1.0	 0.0
0.377585537	 6.5789	 388.47	 3.0	 1.0	 38.05	 4.0	 0.927	 0.01	 2.0	 0.0	 1.0	 0.0
0.485520706	 2.6869	 424.497	 7.0	 0.0	 65.83	 12.0	 0.913	 1.0	 2.0	 0.0	 5.0	 0.0
0.777233478	 0.8187	 189.218	 4.0	 1.0	 50.94	 3.0	 0.52	 0.2	 3.0	 0.0	 1.0	 0.0
0.094829962	 6.8054	 696.427	 11.0	 5.0	 170.8	 5.0	 0.844	 0.29	 0.0	 1.0	 10.0	 0.0
0.306154442	 6.872	 420.512	 4.0	 0.0	 43.18	 7.0	 0.9592	 0.5	 2.0	 0.0	 2.0	 0.0
0.513854391	 4.1682	 311.348	 3.0	 2.0	 70.25	 2.0	 0.97	 1.0	 5.0	 0.0	 0.0	 0.0
0.822605195	 2.8509	 256.374	 1.0	 2.0	 24.06	 4.0	 0.78	 0.01	 2.0	 1.0	 0.0	 0.0
0.542892761	 3.4899	 356.466	 3.0	 1.0	 54.45	 6.0	 0.885	 0.05	 2.0	 0.0	 2.0	 0.0
0.318840569	 0.9966	 382.427	 2.0	 1.0	 29.46	 16.0	 0.934	 1.0	 1.0	 0.0	 2.0	 0.0
0.078628621	 5.0594	 620.555	 3.0	 0.0	 30.82	 22.0	 0.7992	 0.5	 2.0	 0.0	 2.0	 0.0
0.808795169	 2.002	 202.257	 3.0	 1.0	 36.36	 2.0	 0.928	 1.0	 2.0	 0.0	 1.0	 0.0
0.388816583	 0.2487	 180.236	 3.0	 2.0	 63.3	 2.0	 0.92	 1.0	 4.0	 1.0	 0.0	 0.0
0.568427007	 3.02452	 182.226	 1.0	 1.0	 28.68	 0.0	 0.91	 0.8	 2.0	 0.0	 0.0	 0.0
0.777233478	 0.8187	 189.218	 4.0	 1.0	 50.94	 3.0	 0.893	 1.0	 3.0	 0.0	 1.0	 0.0
0.605331363	 2.8121	 209.252	 2.0	 2.0	 54.7	 1.0	 0.939	 1.0	 3.0	 0.0	 0.0	 0.0
0.575799902	 1.3973	 227.304	 3.0	 0.0	 38.66	 4.0	 0.881	 0.1	 1.0	 0.0	 2.0	 0.0
0.586382784	 3.0633	 342.347	 5.0	 1.0	 82.06	 8.0	 0.9596	 1.0	 0.0	 0.0	 6.0	 0.0
0.642205578	 0.2587	 193.21	 5.0	 0.0	 63.38	 1.0	 0.956	 0.1	 5.0	 0.0	 1.0	 0.0
0.66715862	 2.1936	 224.223	 5.0	 0.0	 64.7	 2.0	 0.9271	 0.8	 4.0	 0.0	 1.0	 0.0
0.656380298	 2.5257	 178.622	 2.0	 0.0	 17.82	 1.0	 0.584	 0.5	 2.0	 0.0	 0.0	 0.0
0.847236209	 2.686	 240.306	 1.0	 2.0	 41.13	 4.0	 0.31	 0.005	 2.0	 0.0	 1.0	 0.0
0.623885059	 3.5957	 331.375	 5.0	 1.0	 60.05	 3.0	 0.907	 0.1	 3.0	 0.0	 2.0	 0.0
0.395608245	 5.7679	 430.305	 4.0	 1.0	 50.94	 3.0	 0.679	 0.001	 3.0	 0.0	 1.0	 0.0
0.490446891	 0.71812	 82.106	 1.0	 1.0	 28.68	 0.0	 0.156	 0.1	 2.0	 0.0	 0.0	 0.0
0.034835049	 7.361	 970.656	 2.0	 0.0	 24.72	 26.0	 0.8966	 0.1	 4.0	 0.0	 0.0	 0.0
0.679191675	 2.065	 303.387	 4.0	 1.0	 61.77	 5.0	 0.423	 0.1	 3.0	 1.0	 2.0	 0.0
0.753464549	 2.8484	 213.236	 3.0	 2.0	 52.82	 2.0	 0.86	 0.5	 1.0	 0.0	 2.0	 0.0
0.28602442	 8.1616	 429.35	 2.0	 0.0	 24.72	 5.0	 0.8337	 0.075	 2.0	 0.0	 0.0	 0.0
0.361340888	 3.79712	 387.892	 5.0	 3.0	 80.97	 4.0	 0.7727	 0.5	 3.0	 1.0	 2.0	 0.0
0.488145587	 0.6697	 131.2	 2.0	 1.0	 21.26	 0.0	 0.743	 0.4	 1.0	 1.0	 1.0	 0.0
0.527576502	 4.2351	 323.359	 4.0	 1.0	 67.35	 2.0	 0.902	 0.1	 5.0	 0.0	 0.0	 0.0
0.716617402	 3.9942	 291.306	 3.0	 2.0	 69.89	 3.0	 0.782	 0.1	 1.0	 0.0	 3.0	 0.0
0.375051575	 0.1237	 334.245	 1.0	 0.0	 16.77	 8.0	 0.854	 0.1	 2.0	 0.0	 0.0	 0.0
0.208398934	 4.9316	 464.747	 8.0	 3.0	 81.24	 22.0	 0.9167	 0.5	 8.0	 0.0	 0.0	 0.0
0.547823603	 4.6912	 296.42	 4.0	 0.0	 25.78	 3.0	 0.68	 0.1	 2.0	 2.0	 0.0	 0.0
0.751239926	 0.2137	 190.206	 5.0	 1.0	 63.83	 3.0	 0.899	 0.8	 4.0	 0.0	 1.0	 0.0
0.435602071	 1.1435	 265.294	 5.0	 3.0	 96.92	 4.0	 0.657	 1.0	 3.0	 1.0	 3.0	 0.0
0.031007293	 9.0754	 977.068	 4.0	 0.0	 43.18	 29.0	 0.9681	 0.25	 4.0	 0.0	 2.0	 0.0
0.029729785	 9.6139	 949.168	 1.0	 0.0	 24.72	 34.0	 0.8539	 0.1	 4.0	 1.0	 0.0	 0.0
0.070237473	 4.1416	 740.67	 15.0	 11.0	 267.29	 4.0	 0.779	 0.14	 0.0	 0.0	 15.0	 0.0
0.655569504	 3.35452	 296.322	 3.0	 1.0	 63.6	 6.0	 0.7153	 0.01	 0.0	 0.0	 4.0	 0.0
0.435602071	 1.1435	 265.294	 5.0	 3.0	 96.92	 4.0	 0.557	 0.1	 3.0	 1.0	 3.0	 0.0
0.814653928	 2.857	 243.262	 4.0	 2.0	 62.05	 3.0	 0.95	 5.0	 1.0	 0.0	 3.0	 0.0
0.201523642	 8.5072	 511.456	 4.0	 0.0	 35.64	 7.0	 0.94	 5.0	 4.0	 0.0	 0.0	 0.0
0.530393373	 2.2271	 286.368	 5.0	 0.0	 49.45	 7.0	 0.946	 1.0	 0.0	 0.0	 5.0	 0.0
0.514239297	 3.6605	 289.791	 2.0	 2.0	 36.42	 3.0	 0.7855	 0.01	 3.0	 1.0	 0.0	 0.0
0.706989908	 2.2702	 215.046	 2.0	 0.0	 26.3	 2.0	 0.684	 0.001	 0.0	 0.0	 2.0	 0.0
0.490251453	 3.3238	 271.316	 3.0	 1.0	 58.89	 6.0	 0.9707	 1.0	 1.0	 0.0	 3.0	 0.0
0.580927356	 1.2279	 303.326	 8.0	 1.0	 73.78	 4.0	 0.892	 1.0	 7.0	 1.0	 0.0	 0.0
0.046089926	 6.4931	 836.952	 1.0	 0.0	 24.72	 26.0	 0.4534	 0.01	 4.0	 1.0	 0.0	 0.0
0.7241864	 2.3923	 176.244	 3.0	 1.0	 38.91	 1.0	 0.91	 0.5	 2.0	 1.0	 0.0	 0.0
0.490251453	 3.3238	 271.316	 3.0	 1.0	 58.89	 6.0	 0.9632	 0.5	 1.0	 0.0	 3.0	 0.0
0.403203132	 2.5895	 240.218	 3.0	 1.0	 76.0	 1.0	 0.622	 0.01	 2.0	 0.0	 3.0	 0.0
0.586382784	 3.0633	 342.347	 5.0	 1.0	 82.06	 8.0	 0.8773	 0.001	 0.0	 0.0	 6.0	 0.0
0.853802392	 1.9116	 228.251	 4.0	 1.0	 54.71	 2.0	 0.8154	 0.001	 2.0	 0.0	 2.0	 0.0
0.669935642	 1.7369	 137.182	 2.0	 1.0	 21.26	 2.0	 0.738	 0.01	 1.0	 0.0	 1.0	 0.0
0.295692545	 7.096	 400.572	 4.0	 0.0	 24.72	 7.0	 0.914	 5.0	 2.0	 2.0	 0.0	 0.0
0.593384232	 2.4998	 197.237	 2.0	 1.0	 43.09	 2.0	 0.8397	 1.2	 1.0	 0.0	 1.0	 0.0
0.79776327	 0.8608	 334.397	 4.0	 2.0	 86.71	 4.0	 0.586	 0.1	 2.0	 1.0	 4.0	 0.0
0.8045268	 3.41052	 292.338	 3.0	 1.0	 54.98	 3.0	 0.78	 0.01	 2.0	 0.0	 2.0	 0.0
0.586382784	 3.0633	 342.347	 5.0	 1.0	 82.06	 8.0	 0.9218	 0.1	 0.0	 0.0	 6.0	 0.0
0.852738092	 2.5973	 326.352	 5.0	 2.0	 80.15	 6.0	 0.77	 0.05	 2.0	 0.0	 4.0	 0.0
0.565899971	 1.1451	 133.154	 2.0	 2.0	 54.7	 0.0	 0.111	 0.1	 3.0	 0.0	 0.0	 0.0
0.542892761	 3.4899	 356.466	 3.0	 1.0	 54.45	 6.0	 0.44	 0.01	 2.0	 0.0	 2.0	 0.0
0.543862937	 0.2164	 162.148	 2.0	 2.0	 65.72	 0.0	 0.8714	 1.0	 2.0	 0.0	 2.0	 0.0
0.652647325	 1.7317	 307.394	 4.0	 1.0	 67.34	 6.0	 0.963	 0.5	 3.0	 0.0	 2.0	 0.0
0.51676346	 1.9647	 175.231	 2.0	 0.0	 20.31	 3.0	 0.9	 1.0	 1.0	 0.0	 1.0	 0.0
0.765927801	 2.1351	 259.242	 4.0	 2.0	 67.79	 6.0	 0.5068	 0.05	 1.0	 0.0	 4.0	 1.0
0.930455472	 1.83868	 283.331	 5.0	 1.0	 69.38	 3.0	 0.89	 1.0	 3.0	 0.0	 2.0	 0.0
0.500938839	 1.9073	 162.188	 2.0	 0.0	 26.3	 3.0	 0.86	 1.0	 0.0	 0.0	 2.0	 0.0
0.188255269	 -2.2755	 290.437	 6.0	 6.0	 103.24	 11.0	 0.8118	 1.0	 6.0	 1.0	 1.0	 0.0
0.882795609	 2.9651	 274.32	 4.0	 2.0	 71.45	 2.0	 0.887	 0.01	 2.0	 0.0	 3.0	 0.0
0.809428438	 2.5976	 230.292	 3.0	 1.0	 55.45	 3.0	 0.88	 1.0	 2.0	 1.0	 1.0	 0.0
0.669935642	 1.7369	 137.182	 2.0	 1.0	 21.26	 2.0	 0.789	 0.1	 1.0	 0.0	 1.0	 0.0
0.38276546	 3.3747	 292.726	 4.0	 1.0	 91.11	 6.0	 0.901	 0.1	 4.0	 0.0	 2.0	 0.0
0.324228952	 7.1031	 388.517	 5.0	 0.0	 33.95	 6.0	 0.916	 5.0	 2.0	 2.0	 1.0	 0.0
0.443368782	 1.8987	 132.162	 1.0	 0.0	 17.07	 2.0	 0.8698	 1.5	 0.0	 0.0	 1.0	 0.0
0.212475735	 8.0694	 490.61	 4.0	 0.0	 50.5	 7.0	 0.853	 1.0	 4.0	 0.0	 0.0	 0.0
0.652647325	 1.7317	 307.394	 4.0	 1.0	 67.34	 6.0	 0.397	 0.01	 3.0	 0.0	 2.0	 0.0
0.426639437	 -0.2282	 340.405	 9.0	 0.0	 84.07	 10.0	 0.845	 0.1	 4.0	 1.0	 4.0	 0.0
0.804736707	 1.36602	 253.283	 5.0	 2.0	 98.22	 3.0	 0.7473	 0.01	 3.0	 1.0	 3.0	 0.0
0.580158262	 0.0706	 343.268	 1.0	 0.0	 8.81	 5.0	 0.871	 0.1	 2.0	 0.0	 0.0	 0.0
0.091865486	 5.9788	 625.74	 4.0	 0.0	 39.29	 19.0	 0.9401	 1.0	 4.0	 0.0	 1.0	 0.0
0.377585537	 6.5789	 388.47	 3.0	 1.0	 38.05	 4.0	 0.902	 0.001	 2.0	 0.0	 1.0	 0.0
0.751239926	 0.2137	 190.206	 5.0	 1.0	 63.83	 3.0	 0.842	 0.2	 4.0	 0.0	 1.0	 0.0
0.589240935	 3.6765	 384.457	 7.0	 0.0	 62.7	 0.0	 0.953	 0.01	 2.0	 1.0	 4.0	 0.0
0.448260676	 5.2548	 425.326	 3.0	 1.0	 50.69	 5.0	 0.88	 0.5	 2.0	 0.0	 2.0	 0.0
0.677909483	 3.4236	 292.433	 6.0	 1.0	 41.38	 5.0	 0.989	 3.0	 4.0	 2.0	 0.0	 0.0
0.64283812	 1.5098	 288.303	 5.0	 2.0	 88.52	 5.0	 0.671	 0.01	 2.0	 0.0	 4.0	 0.0
0.598094347	 4.2353	 234.368	 2.0	 1.0	 28.68	 6.0	 0.83	 0.1	 2.0	 1.0	 0.0	 0.0
0.052610014	 6.3447	 878.879	 4.0	 0.0	 43.18	 22.0	 0.9727	 1.0	 4.0	 0.0	 2.0	 0.0
0.761334114	 1.4157	 218.256	 4.0	 2.0	 68.37	 4.0	 0.974	 0.01	 2.0	 0.0	 2.0	 0.0
0.565899971	 1.1451	 133.154	 2.0	 2.0	 54.7	 0.0	 0.0719	 0.05	 3.0	 0.0	 0.0	 0.0
0.7241864	 2.3923	 176.244	 3.0	 1.0	 38.91	 1.0	 0.905	 0.1	 2.0	 1.0	 0.0	 0.0
0.414324009	 -2.2734	 252.099	 1.0	 0.0	 8.81	 2.0	 0.707	 0.5	 2.0	 0.0	 0.0	 0.0
0.027626814	 8.9214	 1026.764	 2.0	 0.0	 24.72	 30.0	 0.8691	 0.05	 4.0	 0.0	 0.0	 0.0
0.502673277	 3.0071	 255.346	 2.0	 2.0	 36.42	 3.0	 0.6865	 0.01	 3.0	 1.0	 0.0	 0.0
0.737498617	 3.5356	 308.385	 5.0	 0.0	 45.4	 4.0	 0.898	 0.1	 4.0	 0.0	 1.0	 0.0
0.488090598	 0.1067	 149.215	 3.0	 3.0	 63.32	 2.0	 0.19	 0.1	 1.0	 1.0	 2.0	 0.0
0.447507069	 1.4161	 207.302	 2.0	 2.0	 50.41	 3.0	 0.756	 0.05	 3.0	 1.0	 0.0	 0.0
0.38276546	 3.3747	 292.726	 4.0	 1.0	 91.11	 6.0	 0.817	 0.01	 4.0	 0.0	 2.0	 0.0
0.523178944	 4.7688	 344.414	 4.0	 0.0	 36.28	 5.0	 0.87	 0.01	 2.0	 0.0	 2.0	 0.0
0.214860338	 -0.7458	 429.426	 12.0	 0.0	 131.64	 18.0	 0.68	 0.001	 3.0	 0.0	 9.0	 0.0
0.16662546	 1.9386	 508.339	 3.0	 0.0	 30.82	 14.0	 0.6978	 0.05	 2.0	 0.0	 2.0	 0.0
0.561585819	 1.1548	 328.405	 9.0	 1.0	 77.02	 5.0	 0.934	 1.0	 8.0	 1.0	 0.0	 0.0
0.564415058	 3.2189	 214.293	 3.0	 2.0	 52.04	 0.0	 0.8621	 0.1	 2.0	 1.0	 0.0	 0.0
0.86956498	 2.2215	 324.171	 5.0	 0.0	 63.38	 3.0	 0.99	 1.0	 5.0	 0.0	 1.0	 0.0
0.321947011	 6.9016	 386.545	 4.0	 0.0	 24.72	 6.0	 0.889	 5.0	 2.0	 2.0	 0.0	 0.0
0.219431003	 7.5624	 470.532	 6.0	 0.0	 68.96	 8.0	 0.93	 5.0	 4.0	 0.0	 2.0	 0.0
0.172953213	 -2.58292	 488.413	 12.0	 7.0	 252.06	 4.0	 0.8779	 1.0	 6.0	 0.0	 9.0	 0.0
0.677909483	 3.4236	 292.433	 6.0	 1.0	 41.38	 5.0	 0.962	 0.5	 4.0	 2.0	 0.0	 0.0
0.361340888	 3.79712	 387.892	 5.0	 3.0	 80.97	 4.0	 0.7429	 0.1	 3.0	 1.0	 2.0	 0.0
0.7570681	 3.0935	 248.285	 2.0	 1.0	 45.75	 2.0	 0.85	 0.001	 2.0	 0.0	 1.0	 0.0
0.036562363	 7.9051	 934.987	 4.0	 0.0	 43.18	 26.0	 0.9776	 1.0	 4.0	 0.0	 2.0	 0.0
0.118409317	 3.499	 564.447	 3.0	 0.0	 30.82	 18.0	 0.7996	 0.5	 2.0	 0.0	 2.0	 0.0
0.3143137	 3.8473	 411.558	 8.0	 4.0	 106.68	 13.0	 0.9704	 5.0	 9.0	 0.0	 0.0	 0.0
0.525476715	 5.30382	 375.859	 3.0	 1.0	 46.92	 4.0	 0.86	 0.01	 3.0	 0.0	 1.0	 0.0
0.540671571	 3.6931	 428.51	 8.0	 0.0	 71.93	 0.0	 0.789	 0.001	 2.0	 1.0	 5.0	 0.0
0.318840569	 0.9966	 382.427	 2.0	 1.0	 29.46	 16.0	 0.828	 0.05	 1.0	 0.0	 2.0	 0.0
0.605331363	 2.8121	 209.252	 2.0	 2.0	 54.7	 1.0	 0.9	 0.5	 3.0	 0.0	 0.0	 0.0
0.341201529	 6.38474	 458.359	 4.0	 1.0	 50.94	 3.0	 0.87	 0.01	 3.0	 0.0	 1.0	 0.0
0.388816583	 0.2487	 180.236	 3.0	 2.0	 63.3	 2.0	 0.802	 0.15	 4.0	 1.0	 0.0	 0.0
0.85915448	 2.11588	 284.315	 5.0	 1.0	 85.34	 3.0	 0.68	 1.0	 2.0	 0.0	 3.0	 0.0
0.029729785	 9.6139	 949.168	 1.0	 0.0	 24.72	 34.0	 0.9553	 5.0	 4.0	 1.0	 0.0	 0.0
0.387161543	 0.2238	 167.197	 5.0	 3.0	 80.48	 0.0	 0.784	 1.0	 5.0	 1.0	 0.0	 0.0
0.048569225	 0.1482	 782.965	 19.0	 2.0	 172.59	 44.0	 0.5456	 5.0	 0.0	 2.0	 17.0	 0.0
0.66715862	 2.1936	 224.223	 5.0	 0.0	 64.7	 2.0	 0.9397	 1.2	 4.0	 0.0	 1.0	 0.0
0.513677756	 3.6024	 320.692	 6.0	 1.0	 110.67	 5.0	 0.843	 1.0	 4.0	 0.0	 4.0	 0.0
0.753464549	 2.8484	 213.236	 3.0	 2.0	 52.82	 2.0	 0.93	 5.0	 1.0	 0.0	 2.0	 0.0
0.837907871	 2.8496	 271.272	 4.0	 2.0	 79.12	 4.0	 0.7824	 0.25	 1.0	 0.0	 4.0	 0.0
0.384094449	 -0.2664	 320.218	 1.0	 0.0	 16.77	 7.0	 0.892	 1.0	 2.0	 0.0	 0.0	 0.0
0.647425695	 0.4643	 221.237	 3.0	 0.0	 54.45	 1.0	 0.9247	 1.0	 1.0	 1.0	 3.0	 0.0
0.855317811	 3.44792	 277.707	 4.0	 1.0	 62.8	 2.0	 0.78	 0.1	 1.0	 0.0	 3.0	 0.0
0.54913155	 0.4124	 248.271	 8.0	 4.0	 87.36	 1.0	 0.5936	 0.5	 6.0	 1.0	 1.0	 0.0
0.027115054	 10.6358	 1033.176	 4.0	 0.0	 43.18	 33.0	 0.8291	 2.5	 4.0	 0.0	 2.0	 0.0
0.337684219	 6.9778	 372.518	 4.0	 0.0	 24.72	 5.0	 0.8041	 0.25	 2.0	 2.0	 0.0	 0.0
0.048569225	 0.1482	 782.965	 19.0	 2.0	 172.59	 44.0	 0.4603	 0.5	 0.0	 2.0	 17.0	 0.0
0.565899971	 1.1451	 133.154	 2.0	 2.0	 54.7	 0.0	 0.5863	 5.0	 3.0	 0.0	 0.0	 0.0
0.072108081	 4.9327	 780.844	 1.0	 0.0	 24.72	 22.0	 0.6025	 0.05	 4.0	 1.0	 0.0	 0.0
0.490446891	 0.71812	 82.106	 1.0	 1.0	 28.68	 0.0	 0.178	 0.5	 2.0	 0.0	 0.0	 0.0
0.824744796	 2.79452	 243.262	 4.0	 1.0	 62.8	 2.0	 0.775	 0.1	 1.0	 0.0	 3.0	 0.0
0.295692545	 7.096	 400.572	 4.0	 0.0	 24.72	 7.0	 0.32	 0.1	 2.0	 2.0	 0.0	 0.0
0.628144734	 3.0547	 312.321	 4.0	 1.0	 72.83	 7.0	 0.8779	 0.1	 0.0	 0.0	 5.0	 0.0
0.072108081	 4.9327	 780.844	 1.0	 0.0	 24.72	 22.0	 0.8778	 0.5	 4.0	 1.0	 0.0	 0.0
0.353322091	 5.8101	 399.45	 6.0	 3.0	 105.75	 6.0	 0.963	 0.8	 3.0	 0.0	 3.0	 0.0
0.716617402	 3.9942	 291.306	 3.0	 2.0	 69.89	 3.0	 0.8587	 0.25	 1.0	 0.0	 3.0	 0.0
0.817874432	 4.5284	 314.86	 2.0	 0.0	 6.48	 4.0	 0.906	 0.01	 2.0	 0.0	 0.0	 0.0
0.416817601	 4.4072	 448.482	 7.0	 2.0	 93.17	 4.0	 0.9	 0.01	 4.0	 0.0	 3.0	 0.0
0.442907235	 1.14742	 472.553	 10.0	 1.0	 116.86	 4.0	 0.94	 5.0	 8.0	 0.0	 2.0	 0.0
0.722041851	 1.7873	 177.232	 4.0	 1.0	 51.8	 1.0	 0.798	 2.0	 3.0	 1.0	 0.0	 0.0
0.072108081	 4.9327	 780.844	 1.0	 0.0	 24.72	 22.0	 0.4472	 0.01	 4.0	 1.0	 0.0	 0.0
0.517265155	 3.25742	 300.274	 6.0	 1.0	 110.67	 5.0	 0.8777	 1.0	 4.0	 0.0	 4.0	 0.0
0.650602752	 2.6005	 236.274	 3.0	 0.0	 34.89	 1.0	 0.8993	 1.0	 2.0	 0.0	 1.0	 0.0
0.532972111	 -1.0906	 313.582	 2.0	 0.0	 33.84	 3.0	 0.91	 1.0	 2.0	 0.0	 1.0	 0.0
0.680113389	 2.37342	 317.414	 4.0	 1.0	 61.77	 5.0	 0.7	 0.5	 3.0	 1.0	 2.0	 0.0
0.575799902	 1.3973	 227.304	 3.0	 0.0	 38.66	 4.0	 0.931	 0.25	 1.0	 0.0	 2.0	 0.0
0.540203252	 4.57127	 339.439	 3.0	 2.0	 53.11	 4.0	 0.722	 0.009	 3.0	 1.0	 0.0	 0.0
0.79776327	 0.8608	 334.397	 4.0	 2.0	 86.71	 4.0	 0.868	 1.0	 2.0	 1.0	 4.0	 0.0
0.568427007	 3.02452	 182.226	 1.0	 1.0	 28.68	 0.0	 0.93	 1.2	 2.0	 0.0	 0.0	 0.0
0.56111443	 1.437	 194.219	 5.0	 2.0	 67.07	 2.0	 0.63	 0.1	 4.0	 1.0	 1.0	 0.0
0.822605195	 2.8509	 256.374	 1.0	 2.0	 24.06	 4.0	 0.96	 0.1	 2.0	 1.0	 0.0	 0.0
0.490446891	 0.71812	 82.106	 1.0	 1.0	 28.68	 0.0	 0.241	 1.0	 2.0	 0.0	 0.0	 0.0
0.596503289	 1.116	 173.171	 2.0	 0.0	 37.38	 1.0	 0.883	 0.01	 1.0	 0.0	 2.0	 0.0
0.645836573	 1.6848	 172.187	 3.0	 0.0	 34.89	 2.0	 0.804	 5.0	 2.0	 0.0	 1.0	 0.0
0.056274874	 8.5357	 645.94	 1.0	 1.0	 29.1	 33.0	 0.981	 0.5	 2.0	 0.0	 1.0	 0.0
0.860282465	 3.5624	 258.365	 3.0	 1.0	 36.36	 6.0	 0.903	 0.1	 2.0	 0.0	 1.0	 0.0
0.595269966	 3.2244	 262.316	 2.0	 2.0	 57.36	 3.0	 0.65	 0.1	 4.0	 0.0	 0.0	 0.0
0.847941652	 4.1255	 275.76	 2.0	 1.0	 29.1	 1.0	 0.85	 0.01	 1.0	 1.0	 1.0	 0.0
0.112539311	 -15.2306	 1134.987	 35.0	 21.0	 554.05	 7.0	 0.739	 0.5	 0.0	 0.0	 35.0	 0.0
0.757842688	 5.2902	 290.41	 2.0	 1.0	 24.39	 1.0	 0.933	 1.0	 2.0	 0.0	 0.0	 0.0
0.623885059	 3.5957	 331.375	 5.0	 1.0	 60.05	 3.0	 0.936	 1.0	 3.0	 0.0	 2.0	 0.0
0.027115054	 10.6358	 1033.176	 4.0	 0.0	 43.18	 33.0	 0.9691	 0.1	 4.0	 0.0	 2.0	 0.0
0.488145587	 0.6697	 131.2	 2.0	 1.0	 21.26	 0.0	 0.847	 2.0	 1.0	 1.0	 1.0	 0.0
0.25396668	 3.3969	 418.862	 7.0	 3.0	 124.11	 5.0	 0.6552	 0.01	 4.0	 1.0	 4.0	 0.0
0.43089848	 1.6643	 200.311	 5.0	 1.0	 56.73	 6.0	 0.87	 0.01	 4.0	 1.0	 0.0	 0.0
0.029729785	 9.6139	 949.168	 1.0	 0.0	 24.72	 34.0	 0.9465	 0.5	 4.0	 1.0	 0.0	 0.0
0.581985719	 1.9772	 272.348	 4.0	 4.0	 64.52	 7.0	 0.56	 0.5	 2.0	 0.0	 2.0	 0.0
0.400203239	 5.7701	 378.435	 5.0	 0.0	 59.73	 6.0	 0.6934	 0.5	 4.0	 0.0	 1.0	 0.0
0.618183602	 2.3298	 250.689	 5.0	 0.0	 52.3	 4.0	 0.968	 1.0	 4.0	 0.0	 1.0	 0.0
0.677909483	 3.4236	 292.433	 6.0	 1.0	 41.38	 5.0	 0.969	 1.0	 4.0	 2.0	 0.0	 0.0
0.429599694	 1.0937	 194.19	 4.0	 2.0	 70.92	 3.0	 0.728	 1.0	 2.0	 0.0	 3.0	 0.0
0.547823603	 4.6912	 296.42	 4.0	 0.0	 25.78	 3.0	 0.56	 0.05	 2.0	 2.0	 0.0	 0.0
0.647425695	 0.4643	 221.237	 3.0	 0.0	 54.45	 1.0	 0.8977	 0.5	 1.0	 1.0	 3.0	 0.0
0.469730964	 -0.4827	 150.145	 5.0	 3.0	 106.5	 0.0	 0.709	 1.0	 6.0	 0.0	 0.0	 0.0
0.388816583	 0.2487	 180.236	 3.0	 2.0	 63.3	 2.0	 0.897	 1.5	 4.0	 1.0	 0.0	 0.0
0.078628621	 5.0594	 620.555	 3.0	 0.0	 30.82	 22.0	 0.7194	 0.005	 2.0	 0.0	 2.0	 0.0
0.523178944	 4.7688	 344.414	 4.0	 0.0	 36.28	 5.0	 0.9	 0.05	 2.0	 0.0	 2.0	 0.0
0.269832845	 5.9203	 356.725	 7.0	 1.0	 117.52	 4.0	 0.8492	 1.4	 4.0	 0.0	 4.0	 0.0
0.415737599	 5.635	 345.452	 5.0	 0.0	 38.67	 2.0	 0.72	 0.05	 3.0	 2.0	 0.0	 0.0
0.172953213	 -2.58292	 488.413	 12.0	 7.0	 252.06	 4.0	 0.9065	 0.1	 6.0	 0.0	 9.0	 0.0
0.853802392	 1.9116	 228.251	 4.0	 1.0	 54.71	 2.0	 0.8174	 0.01	 2.0	 0.0	 2.0	 0.0
0.930455472	 1.83868	 283.331	 5.0	 1.0	 69.38	 3.0	 0.8	 0.01	 3.0	 0.0	 2.0	 0.0
0.455246988	 -1.0107	 162.214	 3.0	 3.0	 61.36	 2.0	 0.6611	 0.01	 2.0	 1.0	 2.0	 0.0
0.542794258	 3.2222	 311.297	 6.0	 0.0	 87.38	 4.0	 0.915	 1.0	 3.0	 0.0	 4.0	 0.0
0.860282465	 3.5624	 258.365	 3.0	 1.0	 36.36	 6.0	 0.866	 0.01	 2.0	 0.0	 1.0	 0.0
0.509671564	 3.31552	 269.373	 2.0	 2.0	 36.42	 3.0	 0.8081	 0.01	 3.0	 1.0	 0.0	 0.0
0.456161728	 3.2139	 235.626	 3.0	 0.0	 60.21	 2.0	 0.85	 1.0	 1.0	 0.0	 3.0	 0.0
0.039348567	 3.9041	 741.809	 6.0	 0.0	 80.18	 30.0	 0.9085	 1.0	 2.0	 0.0	 5.0	 1.0
0.377652927	 2.591	 380.585	 8.0	 3.0	 81.24	 16.0	 0.786	 0.01	 8.0	 0.0	 0.0	 0.0
0.647425695	 0.4643	 221.237	 3.0	 0.0	 54.45	 1.0	 0.838	 0.1	 1.0	 1.0	 3.0	 0.0
0.570691385	 1.2774	 123.155	 2.0	 1.0	 35.25	 1.0	 0.5679	 1.0	 1.0	 0.0	 1.0	 0.0
0.804736707	 1.36602	 253.283	 5.0	 2.0	 98.22	 3.0	 0.864	 0.05	 3.0	 1.0	 3.0	 0.0
0.826316693	 3.1799	 250.411	 1.0	 1.0	 15.27	 4.0	 0.92	 0.01	 2.0	 1.0	 0.0	 0.0
0.677909483	 3.4236	 292.433	 6.0	 1.0	 41.38	 5.0	 0.969	 1.0	 4.0	 2.0	 0.0	 0.0
0.625606628	 2.2088	 223.235	 4.0	 0.0	 47.26	 2.0	 0.85	 0.01	 3.0	 0.0	 1.0	 0.0
0.642679891	 2.1212	 174.203	 2.0	 1.0	 41.46	 0.0	 0.7223	 0.1	 2.0	 0.0	 1.0	 0.0
0.031007293	 9.0754	 977.068	 4.0	 0.0	 43.18	 29.0	 0.9681	 2.5	 4.0	 0.0	 2.0	 0.0
0.108159152	 -0.3084	 492.232	 6.0	 8.0	 236.6	 15.0	 0.8187	 2.0	 2.0	 0.0	 12.0	 4.0
0.551442682	 4.43217	 321.449	 3.0	 2.0	 53.11	 4.0	 0.749	 0.001	 3.0	 1.0	 0.0	 0.0
0.656380298	 2.5257	 178.622	 2.0	 0.0	 17.82	 1.0	 0.586	 5.0	 2.0	 0.0	 0.0	 0.0
0.25396668	 3.3969	 418.862	 7.0	 3.0	 124.11	 5.0	 0.7533	 0.05	 4.0	 1.0	 4.0	 0.0
0.605331363	 2.8121	 209.252	 2.0	 2.0	 54.7	 1.0	 0.95	 1.0	 3.0	 0.0	 0.0	 0.0
0.642679891	 2.1212	 174.203	 2.0	 1.0	 41.46	 0.0	 0.9022	 1.0	 2.0	 0.0	 1.0	 0.0
0.782469977	 3.6572	 265.312	 3.0	 1.0	 42.35	 4.0	 0.537	 0.001	 1.0	 0.0	 2.0	 0.0
0.635027937	 3.6433	 296.351	 5.0	 0.0	 44.24	 0.0	 0.957	 0.05	 2.0	 1.0	 2.0	 0.0
0.706989908	 2.2702	 215.046	 2.0	 0.0	 26.3	 2.0	 0.793	 0.1	 0.0	 0.0	 2.0	 0.0
0.648091739	 2.6249	 195.225	 2.0	 1.0	 41.57	 1.0	 0.821	 2.0	 3.0	 0.0	 0.0	 0.0
0.677909483	 3.4236	 292.433	 6.0	 1.0	 41.38	 5.0	 0.985	 2.0	 4.0	 2.0	 0.0	 0.0
0.260555783	 7.9967	 403.676	 2.0	 0.0	 20.31	 16.0	 0.883	 0.1	 1.0	 1.0	 1.0	 0.0
0.54677041	 5.89682	 303.43	 2.0	 0.0	 12.36	 4.0	 0.875	 2.0	 1.0	 1.0	 0.0	 0.0
0.72257544	 3.2651	 278.311	 4.0	 2.0	 65.71	 3.0	 0.827	 1.0	 2.0	 0.0	 2.0	 0.0
0.3143137	 3.8473	 411.558	 8.0	 4.0	 106.68	 13.0	 0.9501	 0.1	 9.0	 0.0	 0.0	 0.0
0.652647325	 1.7317	 307.394	 4.0	 1.0	 67.34	 6.0	 0.9	 0.1	 3.0	 0.0	 2.0	 0.0
0.735795169	 4.2129	 296.757	 3.0	 1.0	 45.48	 3.0	 0.919	 1.0	 2.0	 0.0	 1.0	 0.0
0.447507069	 1.4161	 207.302	 2.0	 2.0	 50.41	 3.0	 0.937	 0.3	 3.0	 1.0	 0.0	 0.0
0.625012759	 3.6599	 340.404	 6.0	 0.0	 53.47	 0.0	 0.989	 0.1	 2.0	 1.0	 3.0	 0.0
0.737235113	 2.9088	 298.338	 4.0	 0.0	 43.52	 7.0	 0.909	 0.01	 0.0	 0.0	 4.0	 0.0
0.753464549	 2.8484	 213.236	 3.0	 2.0	 52.82	 2.0	 0.88	 1.0	 1.0	 0.0	 2.0	 0.0
0.667781837	 0.9887	 217.272	 4.0	 3.0	 71.17	 4.0	 0.978	 0.01	 3.0	 0.0	 1.0	 0.0
0.642205578	 0.2587	 193.21	 5.0	 0.0	 63.38	 1.0	 0.865	 0.001	 5.0	 0.0	 1.0	 0.0
0.28602442	 8.1616	 429.35	 2.0	 0.0	 24.72	 5.0	 0.7495	 0.05	 2.0	 0.0	 0.0	 0.0
0.564274954	 -1.1742	 411.346	 6.0	 2.0	 110.29	 4.0	 0.3104	 1.25	 3.0	 2.0	 5.0	 0.0
0.550780817	 3.3541	 226.062	 2.0	 0.0	 29.96	 1.0	 0.92	 0.5	 1.0	 0.0	 1.0	 0.0
0.403203132	 2.5895	 240.218	 3.0	 1.0	 76.0	 1.0	 0.721	 0.1	 2.0	 0.0	 3.0	 0.0
0.667637259	 1.65024	 256.309	 4.0	 1.0	 59.28	 4.0	 0.72	 0.1	 4.0	 0.0	 1.0	 0.0
0.658777772	 2.15392	 239.278	 3.0	 1.0	 54.35	 3.0	 0.966	 4.0	 3.0	 0.0	 1.0	 0.0
0.500310465	 2.6873	 272.129	 2.0	 1.0	 29.04	 2.0	 0.4377	 1.0	 2.0	 0.0	 1.0	 1.0
0.656380298	 2.5257	 178.622	 2.0	 0.0	 17.82	 1.0	 0.441	 0.1	 2.0	 0.0	 0.0	 0.0
0.394353088	 4.31872	 438.671	 10.0	 2.0	 91.75	 15.0	 0.9672	 1.0	 8.0	 2.0	 0.0	 0.0
0.088957494	 -0.6766	 581.08	 4.0	 0.0	 51.8	 20.0	 0.9465	 1.0	 3.0	 0.0	 3.0	 0.0
0.245091881	 7.2004	 442.566	 4.0	 0.0	 35.64	 7.0	 0.81	 1.0	 4.0	 0.0	 0.0	 0.0
0.533034306	 2.5829	 299.334	 5.0	 1.0	 94.35	 4.0	 0.78	 0.001	 5.0	 0.0	 2.0	 0.0
0.580158262	 0.0706	 343.268	 1.0	 0.0	 8.81	 5.0	 0.955	 1.0	 2.0	 0.0	 0.0	 0.0
0.624674758	 3.3986	 266.138	 2.0	 0.0	 22.12	 4.0	 0.957	 1.0	 1.0	 0.0	 1.0	 0.0
0.817874432	 4.5284	 314.86	 2.0	 0.0	 6.48	 4.0	 0.94	 0.05	 2.0	 0.0	 0.0	 0.0
0.780336143	 2.3202	 325.206	 3.0	 0.0	 40.62	 5.0	 0.935	 1.0	 2.0	 0.0	 2.0	 0.0
0.617634474	 2.1584	 402.451	 9.0	 0.0	 102.15	 8.0	 0.538	 0.001	 4.0	 0.0	 5.0	 0.0
0.487846583	 4.0724	 328.328	 6.0	 1.0	 110.67	 6.0	 0.9682	 5.0	 4.0	 0.0	 4.0	 0.0
0.593384232	 2.4998	 197.237	 2.0	 1.0	 43.09	 2.0	 0.7316	 1.0	 1.0	 0.0	 1.0	 0.0
0.411145753	 3.7149	 256.13	 1.0	 0.0	 8.81	 1.0	 0.6205	 1.0	 2.0	 0.0	 0.0	 1.0
0.722041851	 1.7873	 177.232	 4.0	 1.0	 51.8	 1.0	 0.481	 0.5	 3.0	 1.0	 0.0	 0.0
0.670996456	 3.9591	 225.074	 1.0	 0.0	 17.07	 1.0	 0.83	 1.0	 0.0	 0.0	 1.0	 0.0
0.550780817	 3.3541	 226.062	 2.0	 0.0	 29.96	 1.0	 0.87	 0.1	 1.0	 0.0	 1.0	 0.0
0.635027937	 3.6433	 296.351	 5.0	 0.0	 44.24	 0.0	 0.932	 0.01	 2.0	 1.0	 2.0	 0.0
0.656380298	 2.5257	 178.622	 2.0	 0.0	 17.82	 1.0	 0.413	 0.5	 2.0	 0.0	 0.0	 0.0
0.66715862	 2.1936	 224.223	 5.0	 0.0	 64.7	 2.0	 0.912	 0.8	 4.0	 0.0	 1.0	 0.0
0.540203252	 4.57127	 339.439	 3.0	 2.0	 53.11	 4.0	 0.691	 0.005	 3.0	 1.0	 0.0	 0.0
0.632617312	 3.2299	 194.237	 1.0	 1.0	 28.68	 1.0	 0.879	 1.0	 2.0	 0.0	 0.0	 0.0
0.50555122	 5.3394	 328.487	 5.0	 0.0	 25.78	 4.0	 0.91	 0.5	 2.0	 3.0	 0.0	 0.0
0.118409317	 3.499	 564.447	 3.0	 0.0	 30.82	 18.0	 0.6474	 0.005	 2.0	 0.0	 2.0	 0.0
0.027115054	 10.6358	 1033.176	 4.0	 0.0	 43.18	 33.0	 0.971	 0.5	 4.0	 0.0	 2.0	 0.0
0.842739226	 2.9525	 354.45	 5.0	 1.0	 54.7	 2.0	 0.794	 1.0	 2.0	 0.0	 3.0	 0.0
0.806113567	 3.1595	 291.354	 3.0	 1.0	 48.99	 3.0	 0.85	 0.001	 3.0	 0.0	 1.0	 0.0
0.847236209	 2.686	 240.306	 1.0	 2.0	 41.13	 4.0	 0.65	 0.2	 2.0	 0.0	 1.0	 0.0
0.665275802	 2.90892	 250.301	 3.0	 0.0	 34.89	 1.0	 0.8892	 0.1	 2.0	 0.0	 1.0	 0.0
0.500938839	 1.9073	 162.188	 2.0	 0.0	 26.3	 3.0	 0.71	 0.01	 0.0	 0.0	 2.0	 0.0
0.652198006	 3.7919	 256.374	 3.0	 1.0	 15.6	 3.0	 0.557	 0.1	 2.0	 1.0	 0.0	 0.0
0.930455472	 1.83868	 283.331	 5.0	 1.0	 69.38	 3.0	 0.53	 0.001	 3.0	 0.0	 2.0	 0.0
0.683197649	 3.1371	 378.501	 4.0	 2.0	 51.63	 3.0	 0.491	 0.001	 4.0	 1.0	 1.0	 0.0
0.245091881	 7.2004	 442.566	 4.0	 0.0	 35.64	 7.0	 0.88	 5.0	 4.0	 0.0	 0.0	 0.0
0.321947011	 6.9016	 386.545	 4.0	 0.0	 24.72	 6.0	 0.539	 0.1	 2.0	 2.0	 0.0	 0.0
0.394353088	 4.31872	 438.671	 10.0	 2.0	 91.75	 15.0	 0.9618	 0.25	 8.0	 2.0	 0.0	 0.0
0.595229684	 2.841	 190.271	 2.0	 1.0	 28.68	 3.0	 0.91	 0.01	 2.0	 1.0	 0.0	 0.0
0.575799902	 1.3973	 227.304	 3.0	 0.0	 38.66	 4.0	 0.973	 1.0	 1.0	 0.0	 2.0	 0.0
0.564415058	 3.2189	 214.293	 3.0	 2.0	 52.04	 0.0	 0.895	 1.0	 2.0	 1.0	 0.0	 0.0
0.780328242	 3.24608	 329.359	 5.0	 1.0	 81.16	 2.0	 0.646	 0.1	 3.0	 0.0	 2.0	 0.0
0.580550982	 -0.0838	 172.209	 3.0	 2.0	 86.18	 1.0	 0.8208	 0.05	 2.0	 1.0	 2.0	 0.0
0.564415058	 3.2189	 214.293	 3.0	 2.0	 52.04	 0.0	 0.8215	 0.05	 2.0	 1.0	 0.0	 0.0
0.64283812	 1.5098	 288.303	 5.0	 2.0	 88.52	 5.0	 0.832	 1.0	 2.0	 0.0	 4.0	 0.0
0.551442682	 4.43217	 321.449	 3.0	 2.0	 53.11	 4.0	 0.823	 0.013	 3.0	 1.0	 0.0	 0.0
0.539835439	 0.6551	 371.322	 1.0	 0.0	 8.81	 7.0	 0.973	 1.0	 2.0	 0.0	 0.0	 0.0
0.824195904	 1.67444	 267.31	 5.0	 2.0	 98.22	 3.0	 0.8845	 0.05	 3.0	 1.0	 3.0	 0.0
0.416817601	 4.4072	 448.482	 7.0	 2.0	 93.17	 4.0	 0.878	 0.001	 4.0	 0.0	 3.0	 0.0
0.737235113	 2.9088	 298.338	 4.0	 0.0	 43.52	 7.0	 0.958	 1.0	 0.0	 0.0	 4.0	 0.0
0.49744238	 2.6772	 300.357	 2.0	 1.0	 45.34	 6.0	 0.842	 0.5	 3.0	 0.0	 1.0	 0.0
0.440225766	 0.8623	 209.274	 3.0	 2.0	 59.64	 3.0	 0.522	 0.05	 3.0	 1.0	 1.0	 0.0
0.28602442	 8.1616	 429.35	 2.0	 0.0	 24.72	 5.0	 0.9072	 0.1	 2.0	 0.0	 0.0	 0.0
0.286601402	 6.9868	 446.598	 4.0	 0.0	 31.2	 7.0	 0.9087	 0.075	 4.0	 0.0	 0.0	 0.0
0.665275802	 2.90892	 250.301	 3.0	 0.0	 34.89	 1.0	 0.8134	 0.001	 2.0	 0.0	 1.0	 0.0
0.857887941	 3.5037	 299.37	 4.0	 0.0	 47.89	 3.0	 0.9328	 1.0	 1.0	 0.0	 3.0	 0.0
0.039295846	 7.515	 920.96	 4.0	 0.0	 43.18	 25.0	 0.967	 0.5	 4.0	 0.0	 2.0	 0.0
0.634750821	 1.0552	 148.165	 2.0	 2.0	 48.91	 1.0	 0.264	 0.1	 2.0	 0.0	 1.0	 0.0
0.109198832	 9.8671	 543.885	 5.0	 0.0	 63.38	 26.0	 0.978	 1.0	 5.0	 0.0	 1.0	 0.0
0.408306999	 1.1856	 168.152	 4.0	 1.0	 78.39	 2.0	 0.813	 0.1	 2.0	 0.0	 3.0	 0.0
0.029729785	 9.6139	 949.168	 1.0	 0.0	 24.72	 34.0	 0.9504	 1.0	 4.0	 1.0	 0.0	 0.0
0.395608245	 5.7679	 430.305	 4.0	 1.0	 50.94	 3.0	 0.79	 0.01	 3.0	 0.0	 1.0	 0.0
0.384735163	 -0.5638	 326.319	 2.0	 1.0	 29.46	 12.0	 0.919	 1.0	 1.0	 0.0	 2.0	 0.0
0.53696154	 2.729	 277.331	 3.0	 3.0	 69.39	 4.0	 0.918	 2.0	 5.0	 0.0	 0.0	 0.0
0.678032221	 1.2906	 205.257	 3.0	 0.0	 28.3	 5.0	 0.963	 1.0	 1.0	 0.0	 2.0	 0.0
0.672807286	 2.0749	 186.214	 3.0	 0.0	 34.89	 2.0	 0.438	 0.1	 2.0	 0.0	 1.0	 0.0
0.65715307	 3.90872	 347.418	 5.0	 0.0	 48.52	 5.0	 0.971	 0.25	 3.0	 0.0	 2.0	 0.0
0.377652927	 2.591	 380.585	 8.0	 3.0	 81.24	 16.0	 0.8549	 0.05	 8.0	 0.0	 0.0	 0.0
0.048569225	 0.1482	 782.965	 19.0	 2.0	 172.59	 44.0	 0.4089	 0.1	 0.0	 2.0	 17.0	 0.0
0.540671571	 3.6931	 428.51	 8.0	 0.0	 71.93	 0.0	 0.992	 0.1	 2.0	 1.0	 5.0	 0.0
0.564274954	 -1.1742	 411.346	 6.0	 2.0	 110.29	 4.0	 0.264	 1.0	 3.0	 2.0	 5.0	 0.0
0.800122242	 3.7227	 326.831	 4.0	 1.0	 30.87	 0.0	 0.872	 0.05	 4.0	 0.0	 0.0	 0.0
0.634750821	 1.0552	 148.165	 2.0	 2.0	 48.91	 1.0	 0.527	 1.0	 2.0	 0.0	 1.0	 0.0
0.729162508	 3.314	 266.3	 4.0	 0.0	 44.24	 3.0	 0.721	 0.001	 2.0	 0.0	 2.0	 0.0
0.301956265	 -1.099	 399.207	 2.0	 1.0	 45.34	 4.0	 0.815	 0.5	 3.0	 0.0	 1.0	 0.0
0.214860338	 -0.7458	 429.426	 12.0	 0.0	 131.64	 18.0	 0.74	 0.01	 3.0	 0.0	 9.0	 0.0
0.487846583	 4.0724	 328.328	 6.0	 1.0	 110.67	 6.0	 0.9273	 0.5	 4.0	 0.0	 4.0	 0.0
0.589240935	 3.6765	 384.457	 7.0	 0.0	 62.7	 0.0	 0.985	 0.05	 2.0	 1.0	 4.0	 0.0
0.700808085	 1.3307	 190.202	 4.0	 2.0	 68.37	 2.0	 0.969	 1.0	 2.0	 0.0	 2.0	 0.0
0.847941652	 4.1255	 275.76	 2.0	 1.0	 29.1	 1.0	 0.94	 1.0	 1.0	 1.0	 1.0	 0.0
0.726070299	 2.6348	 223.073	 2.0	 0.0	 17.82	 1.0	 0.807	 5.0	 2.0	 0.0	 0.0	 0.0
0.515505197	 3.3498	 323.327	 5.0	 0.0	 57.01	 6.0	 0.983	 1.0	 3.0	 0.0	 2.0	 0.0
0.348316717	 5.6039	 492.709	 8.0	 0.0	 43.52	 8.0	 0.93	 0.001	 0.0	 4.0	 4.0	 0.0
0.094829962	 6.8054	 696.427	 11.0	 5.0	 170.8	 5.0	 0.888	 0.6	 0.0	 1.0	 10.0	 0.0
0.722669886	 2.3061	 252.273	 4.0	 1.0	 55.12	 1.0	 0.8426	 0.01	 2.0	 0.0	 2.0	 0.0
0.447507069	 1.4161	 207.302	 2.0	 2.0	 50.41	 3.0	 0.756	 0.05	 3.0	 1.0	 0.0	 0.0
0.361340888	 3.79712	 387.892	 5.0	 3.0	 80.97	 4.0	 0.7027	 0.05	 3.0	 1.0	 2.0	 0.0
0.275418237	 7.6787	 402.569	 5.0	 0.0	 24.72	 4.0	 0.697	 0.05	 2.0	 3.0	 0.0	 0.0
0.085826193	 -2.4316	 573.199	 8.0	 10.0	 297.37	 16.0	 0.775	 0.1	 3.0	 0.0	 15.0	 5.0
0.387476388	 -0.6565	 306.191	 1.0	 0.0	 16.77	 6.0	 0.854	 0.1	 2.0	 0.0	 0.0	 0.0
0.668987264	 3.2992	 329.429	 7.0	 0.0	 69.63	 5.0	 0.986	 1.0	 5.0	 1.0	 1.0	 0.0
0.330442888	 -0.8749	 418.439	 10.0	 0.0	 105.5	 14.0	 0.9365	 1.0	 0.0	 0.0	 10.0	 0.0
0.219431003	 7.5624	 470.532	 6.0	 0.0	 68.96	 8.0	 0.8783	 1.0	 4.0	 0.0	 2.0	 0.0
0.316869264	 6.966	 332.557	 2.0	 1.0	 28.68	 13.0	 0.91	 0.1	 2.0	 1.0	 0.0	 0.0
0.384735163	 -0.5638	 326.319	 2.0	 1.0	 29.46	 12.0	 0.883	 0.5	 1.0	 0.0	 2.0	 0.0
0.689170014	 2.3254	 197.035	 1.0	 1.0	 28.68	 0.0	 0.259	 0.1	 2.0	 0.0	 0.0	 0.0
0.726982773	 2.0979	 192.243	 4.0	 2.0	 59.14	 1.0	 0.909	 2.0	 2.0	 1.0	 1.0	 0.0
0.808795169	 2.002	 202.257	 3.0	 1.0	 36.36	 2.0	 0.789	 0.001	 2.0	 0.0	 1.0	 0.0
0.674878289	 0.3181	 349.412	 5.0	 3.0	 112.73	 4.0	 0.824	 1.0	 3.0	 1.0	 4.0	 0.0
0.201523642	 8.5072	 511.456	 4.0	 0.0	 35.64	 7.0	 0.79	 0.1	 4.0	 0.0	 0.0	 0.0
0.324175362	 0.9303	 184.249	 5.0	 3.0	 54.46	 0.0	 0.854	 1.0	 4.0	 2.0	 0.0	 0.0
0.75995588	 1.6968	 264.3	 3.0	 0.0	 40.62	 5.0	 0.906	 1.0	 2.0	 0.0	 2.0	 0.0
0.774127202	 3.15682	 227.263	 3.0	 2.0	 52.82	 2.0	 0.91	 2.5	 1.0	 0.0	 2.0	 0.0
0.439197032	 2.4825	 289.399	 2.0	 0.0	 37.38	 7.0	 0.9207	 1.0	 2.0	 0.0	 2.0	 0.0
0.448260676	 5.2548	 425.326	 3.0	 1.0	 50.69	 5.0	 0.91	 1.0	 2.0	 0.0	 2.0	 0.0
0.846319882	 2.1118	 266.3	 2.0	 1.0	 49.41	 2.0	 0.807	 0.1	 2.0	 0.0	 2.0	 0.0
0.639898884	 1.4545	 159.192	 3.0	 1.0	 43.84	 1.0	 0.662	 1.0	 3.0	 0.0	 0.0	 0.0
0.625606628	 2.2088	 223.235	 4.0	 0.0	 47.26	 2.0	 0.833	 0.001	 3.0	 0.0	 1.0	 0.0
0.029729785	 9.6139	 949.168	 1.0	 0.0	 24.72	 34.0	 0.6798	 0.05	 4.0	 1.0	 0.0	 0.0
0.280082683	 5.884	 382.558	 4.0	 2.0	 57.36	 9.0	 0.92	 0.5	 4.0	 2.0	 0.0	 0.0
0.286601402	 6.9868	 446.598	 4.0	 0.0	 31.2	 7.0	 0.9278	 0.1	 4.0	 0.0	 0.0	 0.0
0.818707363	 0.9147	 255.281	 5.0	 0.0	 63.38	 3.0	 0.98	 1.0	 5.0	 0.0	 1.0	 0.0
0.648091739	 2.6249	 195.225	 2.0	 1.0	 41.57	 1.0	 0.76	 0.5	 3.0	 0.0	 0.0	 0.0
0.020655321	 11.0515	 813.636	 6.0	 2.0	 73.8	 34.0	 0.858	 0.0015	 5.0	 0.0	 2.0	 0.0
0.565899971	 1.1451	 133.154	 2.0	 2.0	 54.7	 0.0	 0.3984	 1.0	 3.0	 0.0	 0.0	 0.0
0.38276546	 3.3747	 292.726	 4.0	 1.0	 91.11	 6.0	 0.938	 1.0	 4.0	 0.0	 2.0	 0.0
0.640663597	 2.9832	 285.134	 5.0	 0.0	 52.3	 4.0	 0.987	 1.0	 4.0	 0.0	 1.0	 0.0
0.447019227	 -1.8833	 266.126	 1.0	 0.0	 8.81	 3.0	 0.881	 5.0	 2.0	 0.0	 0.0	 0.0
0.909027858	 3.96262	 266.138	 2.0	 1.0	 25.17	 3.0	 0.294	 0.5	 1.0	 0.0	 1.0	 0.0
0.658777772	 2.15392	 239.278	 3.0	 1.0	 54.35	 3.0	 0.815	 1.0	 3.0	 0.0	 1.0	 0.0
0.109198832	 9.8671	 543.885	 5.0	 0.0	 63.38	 26.0	 0.957	 0.1	 5.0	 0.0	 1.0	 0.0
0.213726932	 0.0713	 441.288	 2.0	 1.0	 45.34	 7.0	 0.307	 0.05	 3.0	 0.0	 1.0	 0.0
0.599963401	 3.85892	 294.35	 3.0	 0.0	 43.37	 6.0	 0.8537	 1.0	 0.0	 0.0	 3.0	 0.0
0.347682744	 2.6089	 236.614	 4.0	 0.0	 73.1	 2.0	 0.71	 0.1	 2.0	 0.0	 3.0	 0.0
0.558566383	 4.04372	 334.375	 5.0	 2.0	 88.82	 3.0	 0.7778	 0.25	 2.0	 0.0	 3.0	 0.0
0.882795609	 2.9651	 274.32	 4.0	 2.0	 71.45	 2.0	 0.949	 1.0	 2.0	 0.0	 3.0	 0.0
0.774127202	 3.15682	 227.263	 3.0	 2.0	 52.82	 2.0	 0.74	 0.5	 1.0	 0.0	 2.0	 0.0
0.632994974	 -0.8977	 230.094	 1.0	 1.0	 34.37	 1.0	 0.82	 0.01	 1.0	 0.0	 1.0	 0.0
0.551178531	 3.1381	 239.234	 3.0	 1.0	 71.82	 2.0	 0.903	 0.1	 3.0	 0.0	 2.0	 0.0
0.415737599	 5.635	 345.452	 5.0	 0.0	 38.67	 2.0	 0.93	 0.5	 3.0	 2.0	 0.0	 0.0
0.814653928	 2.857	 243.262	 4.0	 2.0	 62.05	 3.0	 0.93	 2.5	 1.0	 0.0	 3.0	 0.0
0.109198832	 9.8671	 543.885	 5.0	 0.0	 63.38	 26.0	 0.953	 0.01	 5.0	 0.0	 1.0	 0.0
0.564415058	 3.2189	 214.293	 3.0	 2.0	 52.04	 0.0	 0.8913	 0.5	 2.0	 1.0	 0.0	 0.0
0.817330737	 1.22952	 270.339	 6.0	 2.0	 97.97	 3.0	 0.8524	 0.05	 4.0	 2.0	 2.0	 0.0
0.415737599	 5.635	 345.452	 5.0	 0.0	 38.67	 2.0	 0.89	 0.25	 3.0	 2.0	 0.0	 0.0
0.37980709	 4.5268	 356.503	 5.0	 0.0	 49.45	 12.0	 0.944	 1.0	 0.0	 0.0	 5.0	 0.0
0.642183394	 2.9251	 168.199	 2.0	 1.0	 24.39	 0.0	 0.8526	 0.1	 2.0	 0.0	 0.0	 0.0
0.375051575	 0.1237	 334.245	 1.0	 0.0	 16.77	 8.0	 0.877	 1.0	 2.0	 0.0	 0.0	 0.0
0.241289315	 6.966	 514.552	 6.0	 2.0	 108.92	 2.0	 0.903	 1.0	 8.0	 0.0	 0.0	 0.0
0.489947277	 0.0964	 511.36	 6.0	 2.0	 110.29	 6.0	 0.8337	 1.0	 3.0	 2.0	 5.0	 0.0
0.667637259	 1.65024	 256.309	 4.0	 1.0	 59.28	 4.0	 0.329	 0.001	 4.0	 0.0	 1.0	 0.0
0.587323849	 1.9055	 210.287	 5.0	 2.0	 53.93	 2.0	 0.75	 0.1	 4.0	 2.0	 0.0	 0.0
0.665275802	 2.90892	 250.301	 3.0	 0.0	 34.89	 1.0	 0.8624	 0.01	 2.0	 0.0	 1.0	 0.0
0.492567582	 5.61224	 389.886	 3.0	 1.0	 46.92	 4.0	 0.95	 1.0	 3.0	 0.0	 1.0	 0.0
0.546421752	 4.4923	 346.43	 3.0	 1.0	 50.69	 5.0	 0.9	 5.0	 2.0	 0.0	 2.0	 0.0
0.440225766	 0.8623	 209.274	 3.0	 2.0	 59.64	 3.0	 0.889	 0.2	 3.0	 1.0	 1.0	 0.0
0.548948557	 2.7161	 168.199	 1.0	 1.0	 28.68	 0.0	 0.92	 1.2	 2.0	 0.0	 0.0	 0.0
0.078628621	 5.0594	 620.555	 3.0	 0.0	 30.82	 22.0	 0.8663	 5.0	 2.0	 0.0	 2.0	 0.0
0.837907871	 2.8496	 271.272	 4.0	 2.0	 79.12	 4.0	 0.8547	 0.5	 1.0	 0.0	 4.0	 0.0
0.7570681	 3.0935	 248.285	 2.0	 1.0	 45.75	 2.0	 0.88	 0.05	 2.0	 0.0	 1.0	 0.0
0.788610417	 2.7988	 274.364	 4.0	 1.0	 45.59	 7.0	 0.873	 0.01	 2.0	 0.0	 2.0	 0.0
0.788610417	 2.7988	 274.364	 4.0	 1.0	 45.59	 7.0	 0.871	 0.001	 2.0	 0.0	 2.0	 0.0
0.275418237	 7.6787	 402.569	 5.0	 0.0	 24.72	 4.0	 0.8217	 0.5	 2.0	 3.0	 0.0	 0.0
0.490251453	 3.3238	 271.316	 3.0	 1.0	 58.89	 6.0	 0.9704	 0.75	 1.0	 0.0	 3.0	 0.0
0.091865486	 5.9788	 625.74	 4.0	 0.0	 39.29	 19.0	 0.9565	 5.0	 4.0	 0.0	 1.0	 0.0
0.846319882	 2.1118	 266.3	 2.0	 1.0	 49.41	 2.0	 0.773	 0.001	 2.0	 0.0	 2.0	 0.0
0.306154442	 6.872	 420.512	 4.0	 0.0	 43.18	 7.0	 0.9218	 0.1	 2.0	 0.0	 2.0	 0.0
0.306154442	 6.872	 420.512	 4.0	 0.0	 43.18	 7.0	 0.8999	 0.075	 2.0	 0.0	 2.0	 0.0
0.564415058	 3.2189	 214.293	 3.0	 2.0	 52.04	 0.0	 0.5033	 0.01	 2.0	 1.0	 0.0	 0.0
0.048569225	 0.1482	 782.965	 19.0	 2.0	 172.59	 44.0	 0.5062	 1.0	 0.0	 2.0	 17.0	 0.0
0.25396668	 3.3969	 418.862	 7.0	 3.0	 124.11	 5.0	 0.8754	 0.5	 4.0	 1.0	 4.0	 0.0
0.539835439	 0.6551	 371.322	 1.0	 0.0	 8.81	 7.0	 0.725	 0.01	 2.0	 0.0	 0.0	 0.0
0.834630945	 3.4129	 256.692	 2.0	 1.0	 41.46	 1.0	 0.853	 1.0	 2.0	 0.0	 1.0	 0.0
0.686847503	 3.9951	 250.373	 5.0	 0.0	 25.78	 2.0	 0.95	 0.1	 2.0	 3.0	 0.0	 0.0
0.324228952	 7.1031	 388.517	 5.0	 0.0	 33.95	 6.0	 0.577	 0.1	 2.0	 2.0	 1.0	 0.0
0.7744217	 3.916	 353.853	 4.0	 1.0	 39.6	 3.0	 0.878	 0.01	 3.0	 0.0	 1.0	 0.0
0.647425695	 0.4643	 221.237	 3.0	 0.0	 54.45	 1.0	 0.9247	 1.0	 1.0	 1.0	 3.0	 0.0
0.656380298	 2.5257	 178.622	 2.0	 0.0	 17.82	 1.0	 0.513	 1.0	 2.0	 0.0	 0.0	 0.0
0.280082683	 5.884	 382.558	 4.0	 2.0	 57.36	 9.0	 0.88	 0.05	 4.0	 2.0	 0.0	 0.0
0.023512886	 7.0249	 854.025	 6.0	 0.0	 80.18	 38.0	 0.9227	 1.0	 2.0	 0.0	 5.0	 1.0
0.74844373	 3.23748	 299.333	 4.0	 1.0	 71.93	 1.0	 0.911	 1.0	 3.0	 0.0	 1.0	 0.0
0.816738641	 1.4846	 227.267	 4.0	 2.0	 57.51	 2.0	 0.9619	 1.0	 3.0	 0.0	 1.0	 0.0
0.74844373	 3.23748	 299.333	 4.0	 1.0	 71.93	 1.0	 0.737	 0.1	 3.0	 0.0	 1.0	 0.0
0.487846583	 4.0724	 328.328	 6.0	 1.0	 110.67	 6.0	 0.9346	 1.0	 4.0	 0.0	 4.0	 0.0
0.039295846	 7.515	 920.96	 4.0	 0.0	 43.18	 25.0	 0.967	 5.0	 4.0	 0.0	 2.0	 0.0
0.555933285	 4.9954	 361.832	 3.0	 1.0	 46.92	 4.0	 0.813	 0.01	 3.0	 0.0	 1.0	 0.0
0.580158262	 0.0706	 343.268	 1.0	 0.0	 8.81	 5.0	 0.826	 0.05	 2.0	 0.0	 0.0	 0.0
0.503862815	 0.409	 133.201	 5.0	 2.0	 51.8	 0.0	 0.976	 1.0	 3.0	 2.0	 0.0	 0.0
0.448260676	 5.2548	 425.326	 3.0	 1.0	 50.69	 5.0	 0.84	 0.1	 2.0	 0.0	 2.0	 0.0
0.551178531	 3.1381	 239.234	 3.0	 1.0	 71.82	 2.0	 0.94	 0.5	 3.0	 0.0	 2.0	 0.0
0.605331363	 2.8121	 209.252	 2.0	 2.0	 54.7	 1.0	 0.97	 5.0	 3.0	 0.0	 0.0	 0.0
0.709775976	 1.4636	 407.989	 2.0	 0.0	 9.49	 4.0	 0.75	 1.0	 3.0	 0.0	 0.0	 0.0
0.847236209	 2.686	 240.306	 1.0	 2.0	 41.13	 4.0	 0.25	 0.01	 2.0	 0.0	 1.0	 0.0
0.678032221	 1.2906	 205.257	 3.0	 0.0	 28.3	 5.0	 0.928	 0.001	 1.0	 0.0	 2.0	 0.0
0.533791648	 2.5087	 281.271	 5.0	 0.0	 78.03	 2.0	 0.9072	 1.0	 3.0	 0.0	 3.0	 0.0
0.782469977	 3.6572	 265.312	 3.0	 1.0	 42.35	 4.0	 0.873	 0.01	 1.0	 0.0	 2.0	 0.0
0.435602071	 1.1435	 265.294	 5.0	 3.0	 96.92	 4.0	 0.715	 0.2	 3.0	 1.0	 3.0	 0.0
0.632070638	 1.5511	 241.25	 4.0	 2.0	 74.58	 3.0	 0.823	 1.0	 3.0	 0.0	 2.0	 0.0
0.056274874	 8.5357	 645.94	 1.0	 1.0	 29.1	 33.0	 0.634	 0.005	 2.0	 0.0	 1.0	 0.0
0.16662546	 1.9386	 508.339	 3.0	 0.0	 30.82	 14.0	 0.8337	 5.0	 2.0	 0.0	 2.0	 0.0
0.485520706	 2.6869	 424.497	 7.0	 0.0	 65.83	 12.0	 0.885	 0.1	 2.0	 0.0	 5.0	 0.0
0.124452138	 6.9628	 727.413	 4.0	 1.0	 72.41	 10.0	 0.931	 0.01	 2.0	 1.0	 4.0	 0.0
0.54677041	 5.89682	 303.43	 2.0	 0.0	 12.36	 4.0	 0.651	 0.25	 1.0	 1.0	 0.0	 0.0
0.581985719	 1.9772	 272.348	 4.0	 4.0	 64.52	 7.0	 0.15	 0.05	 2.0	 0.0	 2.0	 0.0
0.78147657	 3.8784	 393.56	 4.0	 1.0	 48.1	 5.0	 0.953	 0.05	 5.0	 1.0	 0.0	 0.0
0.394353088	 4.31872	 438.671	 10.0	 2.0	 91.75	 15.0	 0.9653	 0.5	 8.0	 2.0	 0.0	 0.0
0.485520706	 2.6869	 424.497	 7.0	 0.0	 65.83	 12.0	 0.868	 0.01	 2.0	 0.0	 5.0	 0.0
0.826316693	 3.1799	 250.411	 1.0	 1.0	 15.27	 4.0	 0.97	 0.2	 2.0	 1.0	 0.0	 0.0
0.245091881	 7.2004	 442.566	 4.0	 0.0	 35.64	 7.0	 0.67	 0.1	 4.0	 0.0	 0.0	 0.0
0.593800404	 3.09812	 307.305	 5.0	 1.0	 80.4	 3.0	 0.852	 1.0	 1.0	 0.0	 4.0	 0.0
0.795439316	 3.2582	 333.435	 4.0	 1.0	 39.6	 4.0	 0.936	 1.0	 3.0	 0.0	 1.0	 0.0
0.440225766	 0.8623	 209.274	 3.0	 2.0	 59.64	 3.0	 0.734	 0.1	 3.0	 1.0	 1.0	 0.0
0.218398214	 0.0591	 619.607	 11.0	 5.0	 284.74	 7.0	 0.9803	 1.0	 1.0	 5.0	 15.0	 0.0
0.388816583	 0.2487	 180.236	 3.0	 2.0	 63.3	 2.0	 0.88	 0.25	 4.0	 1.0	 0.0	 0.0
0.882795609	 2.9651	 274.32	 4.0	 2.0	 71.45	 2.0	 0.909	 0.1	 2.0	 0.0	 3.0	 0.0
0.532972111	 -1.0906	 313.582	 2.0	 0.0	 33.84	 3.0	 0.28	 0.001	 2.0	 0.0	 1.0	 0.0
0.557999793	 -2.4448	 311.332	 6.0	 2.0	 110.29	 4.0	 0.0395	 0.1	 3.0	 2.0	 5.0	 0.0
0.560736215	 0.9579	 119.127	 2.0	 1.0	 41.57	 0.0	 0.699	 1.0	 3.0	 0.0	 0.0	 0.0
0.743739296	 3.9508	 313.74	 4.0	 1.0	 59.42	 3.0	 0.931	 1.0	 1.0	 0.0	 3.0	 0.0
0.56111443	 1.437	 194.219	 5.0	 2.0	 67.07	 2.0	 0.85	 1.0	 4.0	 1.0	 1.0	 0.0
0.753464549	 2.8484	 213.236	 3.0	 2.0	 52.82	 2.0	 0.89	 2.5	 1.0	 0.0	 2.0	 0.0
0.623885059	 3.5957	 331.375	 5.0	 1.0	 60.05	 3.0	 0.849	 0.001	 3.0	 0.0	 2.0	 0.0
0.13866625	 2.5712	 641.435	 4.0	 1.0	 55.4	 15.0	 0.529	 0.005	 2.0	 1.0	 3.0	 0.0
0.547823603	 4.6912	 296.42	 4.0	 0.0	 25.78	 3.0	 0.88	 0.5	 2.0	 2.0	 0.0	 0.0
0.447019227	 -1.8833	 266.126	 1.0	 0.0	 8.81	 3.0	 0.592	 0.1	 2.0	 0.0	 0.0	 0.0
0.665275802	 2.90892	 250.301	 3.0	 0.0	 34.89	 1.0	 0.9227	 1.0	 2.0	 0.0	 1.0	 0.0
0.753464549	 2.8484	 213.236	 3.0	 2.0	 52.82	 2.0	 0.61	 0.5	 1.0	 0.0	 2.0	 0.0
0.533034306	 2.5829	 299.334	 5.0	 1.0	 94.35	 4.0	 0.9	 1.0	 5.0	 0.0	 2.0	 0.0
0.546847134	 1.03372	 114.173	 3.0	 1.0	 38.91	 0.0	 0.553	 1.0	 2.0	 1.0	 0.0	 0.0
0.716617402	 3.9942	 291.306	 3.0	 2.0	 69.89	 3.0	 0.8645	 0.5	 1.0	 0.0	 3.0	 0.0
0.539835439	 0.6551	 371.322	 1.0	 0.0	 8.81	 7.0	 0.951	 0.5	 2.0	 0.0	 0.0	 0.0
0.43089848	 1.6643	 200.311	 5.0	 1.0	 56.73	 6.0	 0.86	 0.001	 4.0	 1.0	 0.0	 0.0
0.383365286	 4.6604	 414.537	 9.0	 4.0	 118.28	 4.0	 0.891	 2.0	 4.0	 3.0	 2.0	 0.0
0.748879178	 3.6255	 305.381	 4.0	 1.0	 48.72	 4.0	 0.911	 0.1	 3.0	 0.0	 1.0	 0.0
0.395512834	 0.5519	 223.257	 3.0	 3.0	 87.71	 3.0	 0.813	 0.05	 3.0	 1.0	 2.0	 0.0
0.260555783	 7.9967	 403.676	 2.0	 0.0	 20.31	 16.0	 0.668	 0.001	 1.0	 1.0	 1.0	 0.0
0.589240935	 3.6765	 384.457	 7.0	 0.0	 62.7	 0.0	 0.99	 0.1	 2.0	 1.0	 4.0	 0.0
0.136790235	 8.2246	 466.72	 4.0	 2.0	 57.36	 15.0	 0.97	 0.5	 4.0	 2.0	 0.0	 0.0
0.275418237	 7.6787	 402.569	 5.0	 0.0	 24.72	 4.0	 0.5803	 0.01	 2.0	 3.0	 0.0	 0.0
0.740220911	 1.5577	 246.31	 3.0	 0.0	 40.62	 5.0	 0.259	 0.001	 2.0	 0.0	 2.0	 0.0
0.034835049	 7.361	 970.656	 2.0	 0.0	 24.72	 26.0	 0.7769	 0.01	 4.0	 0.0	 0.0	 0.0
0.855317811	 3.44792	 277.707	 4.0	 1.0	 62.8	 2.0	 0.708	 0.01	 1.0	 0.0	 3.0	 0.0
0.674878289	 0.3181	 349.412	 5.0	 3.0	 112.73	 4.0	 0.846	 5.0	 3.0	 1.0	 4.0	 0.0
0.853802392	 1.9116	 228.251	 4.0	 1.0	 54.71	 2.0	 0.9165	 1.0	 2.0	 0.0	 2.0	 0.0
0.052807208	 5.8006	 914.548	 2.0	 0.0	 24.72	 22.0	 0.7889	 0.05	 4.0	 0.0	 0.0	 0.0
0.28602442	 8.1616	 429.35	 2.0	 0.0	 24.72	 5.0	 0.9587	 0.5	 2.0	 0.0	 0.0	 0.0
0.809428438	 2.5976	 230.292	 3.0	 1.0	 55.45	 3.0	 0.949	 5.0	 2.0	 1.0	 1.0	 0.0
0.656380298	 2.5257	 178.622	 2.0	 0.0	 17.82	 1.0	 0.518	 0.1	 2.0	 0.0	 0.0	 0.0
0.631147388	 0.85642	 168.148	 4.0	 1.0	 67.51	 1.0	 0.806	 1.0	 0.0	 0.0	 4.0	 0.0
0.587004286	 1.7422	 319.781	 8.0	 1.0	 73.78	 4.0	 0.969	 1.0	 7.0	 1.0	 0.0	 0.0
0.546421752	 4.4923	 346.43	 3.0	 1.0	 50.69	 5.0	 0.83	 0.5	 2.0	 0.0	 2.0	 0.0
0.64283812	 1.5098	 288.303	 5.0	 2.0	 88.52	 5.0	 0.773	 0.1	 2.0	 0.0	 4.0	 0.0
0.521511091	 1.0631	 102.524	 1.0	 1.0	 28.68	 0.0	 0.477	 1.0	 2.0	 0.0	 0.0	 0.0
0.800581628	 3.1021	 278.311	 3.0	 1.0	 54.98	 3.0	 0.86	 0.05	 2.0	 0.0	 2.0	 0.0
0.709836492	 2.9441	 243.262	 4.0	 3.0	 73.05	 2.0	 0.897	 1.0	 1.0	 0.0	 3.0	 0.0
0.447507069	 1.4161	 207.302	 2.0	 2.0	 50.41	 3.0	 0.908	 0.2	 3.0	 1.0	 0.0	 0.0
0.056274874	 8.5357	 645.94	 1.0	 1.0	 29.1	 33.0	 0.981	 0.5	 2.0	 0.0	 1.0	 0.0
0.595229684	 2.841	 190.271	 2.0	 1.0	 28.68	 3.0	 0.876	 0.001	 2.0	 1.0	 0.0	 0.0
0.388816583	 0.2487	 180.236	 3.0	 2.0	 63.3	 2.0	 0.824	 0.25	 4.0	 1.0	 0.0	 0.0
0.568427007	 3.02452	 182.226	 1.0	 1.0	 28.68	 0.0	 0.73	 0.2	 2.0	 0.0	 0.0	 0.0
0.49744238	 2.6772	 300.357	 2.0	 1.0	 45.34	 6.0	 0.631	 0.05	 3.0	 0.0	 1.0	 0.0
0.7570681	 3.0935	 248.285	 2.0	 1.0	 45.75	 2.0	 0.87	 0.01	 2.0	 0.0	 1.0	 0.0
0.808795169	 2.002	 202.257	 3.0	 1.0	 36.36	 2.0	 0.866	 0.1	 2.0	 0.0	 1.0	 0.0
0.542794258	 3.2222	 311.297	 6.0	 0.0	 87.38	 4.0	 0.821	 0.001	 3.0	 0.0	 4.0	 0.0
0.531191558	 2.2348	 129.162	 1.0	 0.0	 12.89	 0.0	 0.8296	 1.0	 1.0	 0.0	 0.0	 0.0
0.667781837	 0.9887	 217.272	 4.0	 3.0	 71.17	 4.0	 0.982	 0.1	 3.0	 0.0	 1.0	 0.0
0.523178944	 4.7688	 344.414	 4.0	 0.0	 36.28	 5.0	 0.84	 0.005	 2.0	 0.0	 2.0	 0.0
0.617634474	 2.1584	 402.451	 9.0	 0.0	 102.15	 8.0	 0.925	 1.0	 4.0	 0.0	 5.0	 0.0
0.776347529	 2.6335	 228.251	 4.0	 2.0	 65.71	 2.0	 0.786	 0.05	 2.0	 0.0	 2.0	 0.0
0.394014069	 -1.3818	 126.123	 6.0	 3.0	 116.73	 0.0	 0.6387	 1.0	 6.0	 0.0	 0.0	 0.0
0.436026139	 4.2811	 312.423	 4.0	 2.0	 57.36	 4.0	 0.913	 0.001	 4.0	 2.0	 0.0	 0.0
0.490446891	 0.71812	 82.106	 1.0	 1.0	 28.68	 0.0	 0.266	 5.0	 2.0	 0.0	 0.0	 0.0
0.649174963	 3.10832	 232.239	 4.0	 1.0	 68.31	 4.0	 0.421	 0.5	 2.0	 0.0	 3.0	 0.0
0.388816583	 0.2487	 180.236	 3.0	 2.0	 63.3	 2.0	 0.845	 1.0	 4.0	 1.0	 0.0	 0.0
0.488145587	 0.6697	 131.2	 2.0	 1.0	 21.26	 0.0	 0.624	 0.1	 1.0	 1.0	 1.0	 0.0
0.347682744	 2.6089	 236.614	 4.0	 0.0	 73.1	 2.0	 0.78	 0.5	 2.0	 0.0	 3.0	 0.0
0.580158262	 0.0706	 343.268	 1.0	 0.0	 8.81	 5.0	 0.732	 0.01	 2.0	 0.0	 0.0	 0.0
0.029729785	 9.6139	 949.168	 1.0	 0.0	 24.72	 34.0	 0.5036	 0.01	 4.0	 1.0	 0.0	 0.0
0.319052089	 3.3712	 408.639	 8.0	 3.0	 81.24	 18.0	 0.896	 0.1	 8.0	 0.0	 0.0	 0.0
0.847236209	 2.686	 240.306	 1.0	 2.0	 41.13	 4.0	 0.45	 0.1	 2.0	 0.0	 1.0	 0.0
0.082418537	 -0.261	 621.145	 4.0	 0.0	 47.89	 21.0	 0.9544	 1.0	 3.0	 0.0	 3.0	 0.0
0.488145587	 0.6697	 131.2	 2.0	 1.0	 21.26	 0.0	 0.78	 1.0	 1.0	 1.0	 1.0	 0.0
0.8045268	 3.41052	 292.338	 3.0	 1.0	 54.98	 3.0	 0.86	 0.05	 2.0	 0.0	 2.0	 0.0
0.388816583	 0.2487	 180.236	 3.0	 2.0	 63.3	 2.0	 0.855	 1.5	 4.0	 1.0	 0.0	 0.0
0.765927801	 2.1351	 259.242	 4.0	 2.0	 67.79	 6.0	 0.7687	 0.1	 1.0	 0.0	 4.0	 1.0
0.50555122	 5.3394	 328.487	 5.0	 0.0	 25.78	 4.0	 0.81	 0.1	 2.0	 3.0	 0.0	 0.0
0.758000611	 3.45122	 211.264	 2.0	 1.0	 32.59	 2.0	 0.91	 0.5	 1.0	 0.0	 1.0	 0.0
0.348316717	 5.6039	 492.709	 8.0	 0.0	 43.52	 8.0	 0.95	 0.1	 0.0	 4.0	 4.0	 0.0
0.046089926	 6.4931	 836.952	 1.0	 0.0	 24.72	 26.0	 0.949	 5.0	 4.0	 1.0	 0.0	 0.0
0.575799902	 1.3973	 227.304	 3.0	 0.0	 38.66	 4.0	 0.973	 1.0	 1.0	 0.0	 2.0	 0.0
0.415737599	 5.635	 345.452	 5.0	 0.0	 38.67	 2.0	 0.85	 0.1	 3.0	 2.0	 0.0	 0.0
0.375051575	 0.1237	 334.245	 1.0	 0.0	 16.77	 8.0	 0.779	 0.01	 2.0	 0.0	 0.0	 0.0
0.505562475	 5.15867	 330.815	 2.0	 2.0	 49.87	 3.0	 0.636	 0.005	 2.0	 1.0	 0.0	 0.0
0.108159152	 -0.3084	 492.232	 6.0	 8.0	 236.6	 15.0	 0.5458	 0.5	 2.0	 0.0	 12.0	 4.0
0.765927801	 2.1351	 259.242	 4.0	 2.0	 67.79	 6.0	 0.6268	 0.01	 1.0	 0.0	 4.0	 1.0
0.722041851	 1.7873	 177.232	 4.0	 1.0	 51.8	 1.0	 0.685	 1.0	 3.0	 1.0	 0.0	 0.0
0.295792959	 7.21382	 430.507	 4.0	 2.0	 65.18	 4.0	 0.9246	 1.0	 2.0	 0.0	 2.0	 0.0
0.039295846	 7.515	 920.96	 4.0	 0.0	 43.18	 25.0	 0.9061	 0.05	 4.0	 0.0	 2.0	 0.0
0.237675584	 6.8904	 431.669	 5.0	 0.0	 63.38	 18.0	 0.971	 1.0	 5.0	 0.0	 1.0	 0.0
0.777972763	 3.7469	 282.73	 2.0	 1.0	 45.75	 2.0	 0.893	 0.1	 2.0	 0.0	 1.0	 0.0
0.648579293	 3.11852	 175.256	 2.0	 0.0	 12.89	 1.0	 0.903	 1.0	 1.0	 1.0	 0.0	 0.0
0.489912417	 3.7097	 472.563	 9.0	 0.0	 81.16	 0.0	 0.991	 0.01	 2.0	 1.0	 6.0	 0.0
0.35029642	 6.5875	 418.496	 4.0	 1.0	 47.28	 5.0	 0.885	 0.001	 2.0	 0.0	 2.0	 0.0
0.693701966	 2.30364	 290.754	 4.0	 1.0	 59.28	 4.0	 0.794	 0.01	 4.0	 0.0	 1.0	 0.0
0.632070638	 1.5511	 241.25	 4.0	 2.0	 74.58	 3.0	 0.85	 2.0	 3.0	 0.0	 2.0	 0.0
0.375051575	 0.1237	 334.245	 1.0	 0.0	 16.77	 8.0	 0.73	 0.001	 2.0	 0.0	 0.0	 0.0
0.565899971	 1.1451	 133.154	 2.0	 2.0	 54.7	 0.0	 0.563	 3.0	 3.0	 0.0	 0.0	 0.0
0.743871228	 2.2965	 276.39	 6.0	 1.0	 56.73	 4.0	 0.873	 0.01	 4.0	 2.0	 0.0	 0.0
0.506399874	 0.3445	 178.195	 3.0	 2.0	 66.38	 2.0	 0.52	 1.0	 4.0	 0.0	 1.0	 0.0
0.353322091	 5.8101	 399.45	 6.0	 3.0	 105.75	 6.0	 0.919	 0.2	 3.0	 0.0	 3.0	 0.0
0.652198006	 3.7919	 256.374	 3.0	 1.0	 15.6	 3.0	 0.786	 2.0	 2.0	 1.0	 0.0	 0.0
0.652647325	 1.7317	 307.394	 4.0	 1.0	 67.34	 6.0	 0.977	 1.0	 3.0	 0.0	 2.0	 0.0
0.461495328	 2.20712	 146.189	 1.0	 0.0	 17.07	 2.0	 0.43	 0.01	 0.0	 0.0	 1.0	 0.0
0.53696154	 2.729	 277.331	 3.0	 3.0	 69.39	 4.0	 0.886	 1.0	 5.0	 0.0	 0.0	 0.0
0.581985719	 1.9772	 272.348	 4.0	 4.0	 64.52	 7.0	 0.87	 2.5	 2.0	 0.0	 2.0	 0.0
0.020655321	 11.0515	 813.636	 6.0	 2.0	 73.8	 34.0	 0.992	 0.09	 5.0	 0.0	 2.0	 0.0
0.729162508	 3.314	 266.3	 4.0	 0.0	 44.24	 3.0	 0.903	 0.01	 2.0	 0.0	 2.0	 0.0
0.74844373	 3.23748	 299.333	 4.0	 1.0	 71.93	 1.0	 0.491	 0.001	 3.0	 0.0	 1.0	 0.0
0.299623337	 -0.7089	 413.234	 2.0	 1.0	 45.34	 5.0	 0.45	 0.1	 3.0	 0.0	 1.0	 0.0
0.809428438	 2.5976	 230.292	 3.0	 1.0	 55.45	 3.0	 0.652	 0.5	 2.0	 1.0	 1.0	 0.0
0.794465474	 2.1484	 244.338	 2.0	 2.0	 41.13	 1.0	 0.93	 1.0	 2.0	 0.0	 1.0	 0.0
0.020655321	 11.0515	 813.636	 6.0	 2.0	 73.8	 34.0	 0.994	 0.18	 5.0	 0.0	 2.0	 0.0
0.667637259	 1.65024	 256.309	 4.0	 1.0	 59.28	 4.0	 0.757	 1.0	 4.0	 0.0	 1.0	 0.0
0.748879178	 3.6255	 305.381	 4.0	 1.0	 48.72	 4.0	 0.957	 1.0	 3.0	 0.0	 1.0	 0.0
0.888421427	 1.6878	 257.337	 4.0	 1.0	 39.6	 2.0	 0.872	 0.01	 3.0	 0.0	 1.0	 0.0
0.65748099	 2.2115	 183.214	 3.0	 2.0	 50.41	 0.0	 0.8741	 0.1	 3.0	 0.0	 0.0	 0.0
0.247017115	 6.0555	 340.292	 1.0	 0.0	 8.81	 7.0	 0.8298	 1.0	 2.0	 0.0	 0.0	 1.0
0.489947277	 0.0964	 511.36	 6.0	 2.0	 110.29	 6.0	 0.7482	 0.5	 3.0	 2.0	 5.0	 0.0
0.748879178	 3.6255	 305.381	 4.0	 1.0	 48.72	 4.0	 0.865	 0.001	 3.0	 0.0	 1.0	 0.0
0.656380298	 2.5257	 178.622	 2.0	 0.0	 17.82	 1.0	 0.451	 0.5	 2.0	 0.0	 0.0	 0.0
0.613785024	 3.7887	 280.165	 2.0	 0.0	 22.12	 5.0	 0.975	 1.0	 1.0	 0.0	 1.0	 0.0
0.568427007	 3.02452	 182.226	 1.0	 1.0	 28.68	 0.0	 0.85	 0.4	 2.0	 0.0	 0.0	 0.0
0.475094253	 3.4462	 299.294	 5.0	 1.0	 139.87	 7.0	 0.923	 0.01	 7.0	 0.0	 2.0	 0.0
0.031007293	 9.0754	 977.068	 4.0	 0.0	 43.18	 29.0	 0.9608	 0.1	 4.0	 0.0	 2.0	 0.0
0.436026139	 4.2811	 312.423	 4.0	 2.0	 57.36	 4.0	 0.965	 0.1	 4.0	 2.0	 0.0	 0.0
0.658777772	 2.15392	 239.278	 3.0	 1.0	 54.35	 3.0	 0.743	 0.5	 3.0	 0.0	 1.0	 0.0
0.66715862	 2.1936	 224.223	 5.0	 0.0	 64.7	 2.0	 0.8726	 0.4	 4.0	 0.0	 1.0	 0.0
0.046089926	 6.4931	 836.952	 1.0	 0.0	 24.72	 26.0	 0.6156	 0.05	 4.0	 1.0	 0.0	 0.0
0.617634474	 2.1584	 402.451	 9.0	 0.0	 102.15	 8.0	 0.782	 0.01	 4.0	 0.0	 5.0	 0.0
0.542892761	 3.4899	 356.466	 3.0	 1.0	 54.45	 6.0	 0.927	 0.1	 2.0	 0.0	 2.0	 0.0
0.74844373	 3.23748	 299.333	 4.0	 1.0	 71.93	 1.0	 0.646	 0.01	 3.0	 0.0	 1.0	 0.0
0.275418237	 7.6787	 402.569	 5.0	 0.0	 24.72	 4.0	 0.864	 1.0	 2.0	 3.0	 0.0	 0.0
0.447507069	 1.4161	 207.302	 2.0	 2.0	 50.41	 3.0	 0.864	 0.1	 3.0	 1.0	 0.0	 0.0
0.75995588	 1.6968	 264.3	 3.0	 0.0	 40.62	 5.0	 0.86	 0.1	 2.0	 0.0	 2.0	 0.0
0.689170014	 2.3254	 197.035	 1.0	 1.0	 28.68	 0.0	 0.607	 1.0	 2.0	 0.0	 0.0	 0.0
0.777233478	 0.8187	 189.218	 4.0	 1.0	 50.94	 3.0	 0.764	 0.6	 3.0	 0.0	 1.0	 0.0
0.638054264	 3.8256	 219.287	 1.0	 0.0	 12.89	 2.0	 0.7318	 0.1	 1.0	 0.0	 0.0	 0.0
0.513808763	 -1.1578	 295.18	 2.0	 0.0	 26.0	 5.0	 0.6047	 0.001	 2.0	 0.0	 1.0	 0.0
0.188255269	 -2.2755	 290.437	 6.0	 6.0	 103.24	 11.0	 0.7622	 0.1	 6.0	 1.0	 1.0	 0.0
0.634750821	 1.0552	 148.165	 2.0	 2.0	 48.91	 1.0	 0.734	 5.0	 2.0	 0.0	 1.0	 0.0
0.377652927	 2.591	 380.585	 8.0	 3.0	 81.24	 16.0	 0.9219	 0.5	 8.0	 0.0	 0.0	 0.0
0.680113389	 2.37342	 317.414	 4.0	 1.0	 61.77	 5.0	 0.548	 0.1	 3.0	 1.0	 2.0	 0.0
0.740220911	 1.5577	 246.31	 3.0	 0.0	 40.62	 5.0	 0.843	 0.1	 2.0	 0.0	 2.0	 0.0
0.783149595	 3.0085	 252.111	 2.0	 0.0	 22.12	 3.0	 0.952	 1.0	 1.0	 0.0	 1.0	 0.0
0.490251453	 3.3238	 271.316	 3.0	 1.0	 58.89	 6.0	 0.9496	 0.25	 1.0	 0.0	 3.0	 0.0
0.625012759	 3.6599	 340.404	 6.0	 0.0	 53.47	 0.0	 0.939	 0.01	 2.0	 1.0	 3.0	 0.0
0.286601402	 6.9868	 446.598	 4.0	 0.0	 31.2	 7.0	 0.9466	 0.25	 4.0	 0.0	 0.0	 0.0
0.557999793	 -2.4448	 311.332	 6.0	 2.0	 110.29	 4.0	 0.1569	 1.25	 3.0	 2.0	 5.0	 0.0
0.66715862	 2.1936	 224.223	 5.0	 0.0	 64.7	 2.0	 0.9354	 0.4	 4.0	 0.0	 1.0	 0.0
0.716617402	 3.9942	 291.306	 3.0	 2.0	 69.89	 3.0	 0.8913	 1.0	 1.0	 0.0	 3.0	 0.0
0.647495777	 2.3017	 166.611	 1.0	 1.0	 28.68	 1.0	 0.81	 1.0	 2.0	 0.0	 0.0	 0.0
0.557999793	 -2.4448	 311.332	 6.0	 2.0	 110.29	 4.0	 0.0542	 0.25	 3.0	 2.0	 5.0	 0.0
0.370191345	 -1.1031	 294.18	 1.0	 0.0	 8.81	 5.0	 0.747	 0.1	 2.0	 0.0	 0.0	 0.0
0.377585537	 6.5789	 388.47	 3.0	 1.0	 38.05	 4.0	 0.928	 0.1	 2.0	 0.0	 1.0	 0.0
0.560220765	 0.265	 357.295	 1.0	 0.0	 8.81	 6.0	 0.874	 0.1	 2.0	 0.0	 0.0	 0.0
0.837907871	 2.8496	 271.272	 4.0	 2.0	 79.12	 4.0	 0.7797	 0.1	 1.0	 0.0	 4.0	 0.0
0.632365415	 1.0216	 147.181	 2.0	 2.0	 54.7	 1.0	 0.597	 5.0	 3.0	 0.0	 0.0	 0.0
0.800581628	 3.1021	 278.311	 3.0	 1.0	 54.98	 3.0	 0.81	 0.01	 2.0	 0.0	 2.0	 0.0
0.890573972	 2.89712	 310.353	 4.0	 2.0	 70.92	 5.0	 0.75	 0.05	 2.0	 0.0	 3.0	 0.0
0.546421752	 4.4923	 346.43	 3.0	 1.0	 50.69	 5.0	 0.79	 0.1	 2.0	 0.0	 2.0	 0.0
0.693701966	 2.30364	 290.754	 4.0	 1.0	 59.28	 4.0	 0.912	 0.1	 4.0	 0.0	 1.0	 0.0
0.400203239	 5.7701	 378.435	 5.0	 0.0	 59.73	 6.0	 0.8898	 5.0	 4.0	 0.0	 1.0	 0.0
0.384735163	 -0.5638	 326.319	 2.0	 1.0	 29.46	 12.0	 0.808	 0.05	 1.0	 0.0	 2.0	 0.0
0.201523642	 8.5072	 511.456	 4.0	 0.0	 35.64	 7.0	 0.89	 1.0	 4.0	 0.0	 0.0	 0.0
0.558566383	 4.04372	 334.375	 5.0	 2.0	 88.82	 3.0	 0.4959	 0.01	 2.0	 0.0	 3.0	 0.0
0.551442682	 4.43217	 321.449	 3.0	 2.0	 53.11	 4.0	 0.802	 0.009	 3.0	 1.0	 0.0	 0.0
0.455246988	 -1.0107	 162.214	 3.0	 3.0	 61.36	 2.0	 0.7842	 1.0	 2.0	 1.0	 2.0	 0.0
0.220932484	 2.858	 513.524	 4.0	 0.0	 39.29	 11.0	 0.4028	 0.05	 4.0	 0.0	 1.0	 0.0
0.781471409	 2.9436	 244.227	 4.0	 1.0	 55.76	 6.0	 0.71	 0.1	 0.0	 0.0	 4.0	 1.0
0.816738641	 1.4846	 227.267	 4.0	 2.0	 57.51	 2.0	 0.8906	 0.01	 3.0	 0.0	 1.0	 0.0
0.562902034	 1.0974	 315.362	 9.0	 1.0	 83.01	 5.0	 0.924	 1.0	 7.0	 1.0	 1.0	 0.0
0.540203252	 4.57127	 339.439	 3.0	 2.0	 53.11	 4.0	 0.746	 0.013	 3.0	 1.0	 0.0	 0.0
0.676262199	 3.66458	 350.761	 5.0	 1.0	 89.25	 1.0	 0.916	 1.0	 2.0	 0.0	 3.0	 0.0
0.648091739	 2.6249	 195.225	 2.0	 1.0	 41.57	 1.0	 0.805	 1.0	 3.0	 0.0	 0.0	 0.0
0.544882981	 3.7156	 419.437	 7.0	 3.0	 103.62	 5.0	 0.78	 0.5	 3.0	 0.0	 5.0	 0.0
0.363401348	 3.2623	 271.059	 4.0	 0.0	 73.1	 2.0	 0.87	 5.0	 2.0	 0.0	 3.0	 0.0
0.551442682	 4.43217	 321.449	 3.0	 2.0	 53.11	 4.0	 0.858	 0.021	 3.0	 1.0	 0.0	 0.0
0.489947277	 0.0964	 511.36	 6.0	 2.0	 110.29	 6.0	 0.3155	 0.1	 3.0	 2.0	 5.0	 0.0
0.617634474	 2.1584	 402.451	 9.0	 0.0	 102.15	 8.0	 0.826	 0.1	 4.0	 0.0	 5.0	 0.0
0.837907871	 2.8496	 271.272	 4.0	 2.0	 79.12	 4.0	 0.8708	 0.75	 1.0	 0.0	 4.0	 0.0
0.686847503	 3.9951	 250.373	 5.0	 0.0	 25.78	 2.0	 0.936	 0.05	 2.0	 3.0	 0.0	 0.0
0.489947277	 0.0964	 511.36	 6.0	 2.0	 110.29	 6.0	 0.4375	 0.25	 3.0	 2.0	 5.0	 0.0
0.395608245	 5.7679	 430.305	 4.0	 1.0	 50.94	 3.0	 0.921	 1.0	 3.0	 0.0	 1.0	 0.0
0.683686542	 2.18522	 212.256	 2.0	 2.0	 57.36	 2.0	 0.8849	 0.5	 4.0	 0.0	 0.0	 0.0
0.495387261	 1.1701	 202.217	 2.0	 3.0	 83.27	 2.0	 0.63	 1.0	 4.0	 0.0	 1.0	 0.0
0.072108081	 4.9327	 780.844	 1.0	 0.0	 24.72	 22.0	 0.9479	 5.0	 4.0	 1.0	 0.0	 0.0
0.66715862	 2.1936	 224.223	 5.0	 0.0	 64.7	 2.0	 0.8112	 0.2	 4.0	 0.0	 1.0	 0.0
0.647495777	 2.3017	 166.611	 1.0	 1.0	 28.68	 1.0	 0.839	 5.0	 2.0	 0.0	 0.0	 0.0
0.532972111	 -1.0906	 313.582	 2.0	 0.0	 33.84	 3.0	 0.7465	 0.1	 2.0	 0.0	 1.0	 0.0
0.414324009	 -2.2734	 252.099	 1.0	 0.0	 8.81	 2.0	 0.589	 0.1	 2.0	 0.0	 0.0	 0.0
0.683197649	 3.1371	 378.501	 4.0	 2.0	 51.63	 3.0	 0.742	 0.01	 4.0	 1.0	 1.0	 0.0
0.500831647	 0.1822	 96.089	 3.0	 1.0	 46.01	 0.0	 0.546	 1.0	 2.0	 0.0	 1.0	 0.0
0.363401348	 3.2623	 271.059	 4.0	 0.0	 73.1	 2.0	 0.7	 0.1	 2.0	 0.0	 3.0	 0.0
0.046089926	 6.4931	 836.952	 1.0	 0.0	 24.72	 26.0	 0.9116	 0.5	 4.0	 1.0	 0.0	 0.0
0.686847503	 3.9951	 250.373	 5.0	 0.0	 25.78	 2.0	 0.92	 0.1	 2.0	 3.0	 0.0	 0.0
0.709836492	 2.9441	 243.262	 4.0	 3.0	 73.05	 2.0	 0.793	 0.05	 1.0	 0.0	 3.0	 0.0
0.447019227	 -1.8833	 266.126	 1.0	 0.0	 8.81	 3.0	 0.824	 1.0	 2.0	 0.0	 0.0	 0.0
0.623426465	 1.42442	 187.198	 2.0	 0.0	 37.38	 1.0	 0.922	 0.1	 1.0	 0.0	 2.0	 0.0
0.557999793	 -2.4448	 311.332	 6.0	 2.0	 110.29	 4.0	 0.0842	 0.5	 3.0	 2.0	 5.0	 0.0
0.602309053	 3.156	 278.315	 3.0	 2.0	 66.59	 4.0	 0.95	 1.0	 4.0	 0.0	 1.0	 0.0
0.112539311	 -15.2306	 1134.987	 35.0	 21.0	 554.05	 7.0	 0.505	 0.1	 0.0	 0.0	 35.0	 0.0
0.533791648	 2.5087	 281.271	 5.0	 0.0	 78.03	 2.0	 0.8733	 0.1	 3.0	 0.0	 3.0	 0.0
0.319052089	 3.3712	 408.639	 8.0	 3.0	 81.24	 18.0	 0.9301	 0.5	 8.0	 0.0	 0.0	 0.0
0.66715862	 2.1936	 224.223	 5.0	 0.0	 64.7	 2.0	 0.8551	 0.2	 4.0	 0.0	 1.0	 0.0
0.16662546	 1.9386	 508.339	 3.0	 0.0	 30.82	 14.0	 0.7502	 0.5	 2.0	 0.0	 2.0	 0.0
0.387476388	 -0.6565	 306.191	 1.0	 0.0	 16.77	 6.0	 0.651	 0.001	 2.0	 0.0	 0.0	 0.0
0.220932484	 2.858	 513.524	 4.0	 0.0	 39.29	 11.0	 0.8648	 5.0	 4.0	 0.0	 1.0	 0.0
0.695954833	 1.424	 266.268	 6.0	 2.0	 107.86	 4.0	 0.912	 1.0	 8.0	 0.0	 0.0	 0.0
0.7744217	 3.916	 353.853	 4.0	 1.0	 39.6	 3.0	 0.925	 0.1	 3.0	 0.0	 1.0	 0.0
0.50555122	 5.3394	 328.487	 5.0	 0.0	 25.78	 4.0	 0.71	 0.05	 2.0	 3.0	 0.0	 0.0
0.667781837	 0.9887	 217.272	 4.0	 3.0	 71.17	 4.0	 0.947	 0.001	 3.0	 0.0	 1.0	 0.0
0.693869236	 2.61592	 299.326	 5.0	 1.0	 70.75	 4.0	 0.898	 1.0	 1.0	 0.0	 4.0	 0.0
0.679034271	 3.43811	 287.175	 4.0	 1.0	 45.97	 2.0	 0.691	 0.05	 4.0	 1.0	 0.0	 0.0
0.547090101	 4.51387	 326.396	 3.0	 2.0	 59.1	 4.0	 0.633	 0.001	 2.0	 1.0	 1.0	 0.0
0.301481298	 3.5148	 449.379	 9.0	 3.0	 171.44	 5.0	 0.754	 0.5	 5.0	 0.0	 7.0	 0.0
0.553031528	 0.0237	 365.411	 6.0	 4.0	 132.96	 4.0	 0.666	 1.0	 3.0	 1.0	 5.0	 0.0
0.546421752	 4.4923	 346.43	 3.0	 1.0	 50.69	 5.0	 0.87	 1.0	 2.0	 0.0	 2.0	 0.0
0.378728031	 4.5179	 407.481	 4.0	 3.0	 89.28	 6.0	 0.869	 0.5	 7.0	 0.0	 0.0	 0.0
0.620574287	 1.0698	 250.327	 4.0	 2.0	 48.89	 3.0	 0.77	 0.01	 4.0	 1.0	 1.0	 0.0
0.029729785	 9.6139	 949.168	 1.0	 0.0	 24.72	 34.0	 0.5036	 0.01	 4.0	 1.0	 0.0	 0.0
0.461495328	 2.20712	 146.189	 1.0	 0.0	 17.07	 2.0	 0.33	 0.001	 0.0	 0.0	 1.0	 0.0
0.821643821	 3.50854	 201.269	 2.0	 1.0	 25.17	 3.0	 0.502	 0.5	 1.0	 0.0	 1.0	 0.0
0.540203252	 4.57127	 339.439	 3.0	 2.0	 53.11	 4.0	 0.798	 0.021	 3.0	 1.0	 0.0	 0.0
0.726070299	 2.6348	 223.073	 2.0	 0.0	 17.82	 1.0	 0.455	 0.5	 2.0	 0.0	 0.0	 0.0
0.55545248	 4.2386	 298.396	 4.0	 2.0	 57.36	 3.0	 0.92	 1.0	 4.0	 2.0	 0.0	 0.0
0.405536783	 3.6718	 461.01	 7.0	 1.0	 81.65	 8.0	 0.889	 5.0	 6.0	 0.0	 1.0	 0.0
0.551442682	 4.43217	 321.449	 3.0	 2.0	 53.11	 4.0	 0.839	 0.017	 3.0	 1.0	 0.0	 0.0
0.319052089	 3.3712	 408.639	 8.0	 3.0	 81.24	 18.0	 0.9609	 0.5	 8.0	 0.0	 0.0	 0.0
0.648091739	 2.6249	 195.225	 2.0	 1.0	 41.57	 1.0	 0.715	 0.25	 3.0	 0.0	 0.0	 0.0
0.890573972	 2.89712	 310.353	 4.0	 2.0	 70.92	 5.0	 0.64	 0.01	 2.0	 0.0	 3.0	 0.0
0.394353088	 4.31872	 438.671	 10.0	 2.0	 91.75	 15.0	 0.9045	 0.05	 8.0	 2.0	 0.0	 0.0
0.056274874	 8.5357	 645.94	 1.0	 1.0	 29.1	 33.0	 0.946	 0.01	 2.0	 0.0	 1.0	 0.0
0.72257544	 3.2651	 278.311	 4.0	 2.0	 65.71	 3.0	 0.785	 0.1	 2.0	 0.0	 2.0	 0.0
0.625012759	 3.6599	 340.404	 6.0	 0.0	 53.47	 0.0	 0.719	 0.001	 2.0	 1.0	 3.0	 0.0
0.82033759	 1.5623	 316.43	 4.0	 2.0	 51.63	 2.0	 0.951	 1.0	 4.0	 1.0	 1.0	 0.0
0.039295846	 7.515	 920.96	 4.0	 0.0	 43.18	 25.0	 0.9535	 0.1	 4.0	 0.0	 2.0	 0.0
0.560220765	 0.265	 357.295	 1.0	 0.0	 8.81	 6.0	 0.957	 1.0	 2.0	 0.0	 0.0	 0.0
0.370191345	 -1.1031	 294.18	 1.0	 0.0	 8.81	 5.0	 0.936	 5.0	 2.0	 0.0	 0.0	 0.0
0.698891093	 3.7558	 366.804	 5.0	 1.0	 74.44	 2.0	 0.895	 1.0	 2.0	 0.0	 3.0	 0.0
0.669935642	 1.7369	 137.182	 2.0	 1.0	 21.26	 2.0	 0.716	 0.001	 1.0	 0.0	 1.0	 0.0
0.056274874	 8.5357	 645.94	 1.0	 1.0	 29.1	 33.0	 0.985	 1.0	 2.0	 0.0	 1.0	 0.0
0.118409317	 3.499	 564.447	 3.0	 0.0	 30.82	 18.0	 0.8495	 5.0	 2.0	 0.0	 2.0	 0.0
0.280082683	 5.884	 382.558	 4.0	 2.0	 57.36	 9.0	 0.89	 0.1	 4.0	 2.0	 0.0	 0.0
0.560220765	 0.265	 357.295	 1.0	 0.0	 8.81	 6.0	 0.863	 0.05	 2.0	 0.0	 0.0	 0.0
0.65715307	 3.90872	 347.418	 5.0	 0.0	 48.52	 5.0	 0.9796	 0.75	 3.0	 0.0	 2.0	 0.0
0.846319882	 2.1118	 266.3	 2.0	 1.0	 49.41	 2.0	 0.786	 0.01	 2.0	 0.0	 2.0	 0.0
0.761334114	 1.4157	 218.256	 4.0	 2.0	 68.37	 4.0	 0.969	 0.001	 2.0	 0.0	 2.0	 0.0
0.66715862	 2.1936	 224.223	 5.0	 0.0	 64.7	 2.0	 0.9185	 0.2	 4.0	 0.0	 1.0	 0.0
0.384735163	 -0.5638	 326.319	 2.0	 1.0	 29.46	 12.0	 0.71	 0.005	 1.0	 0.0	 2.0	 0.0
0.435602071	 1.1435	 265.294	 5.0	 3.0	 96.92	 4.0	 0.58	 0.4	 3.0	 1.0	 3.0	 0.0
0.852738092	 2.5973	 326.352	 5.0	 2.0	 80.15	 6.0	 0.71	 0.01	 2.0	 0.0	 4.0	 0.0
0.094665948	 3.7692	 642.734	 0.0	 0.0	 0.0	 27.0	 0.84	 0.01	 2.0	 0.0	 0.0	 0.0
0.632994974	 -0.8977	 230.094	 1.0	 1.0	 34.37	 1.0	 0.82	 0.001	 1.0	 0.0	 1.0	 0.0
0.072108081	 4.9327	 780.844	 1.0	 0.0	 24.72	 22.0	 0.7287	 0.1	 4.0	 1.0	 0.0	 0.0
0.547823603	 4.6912	 296.42	 4.0	 0.0	 25.78	 3.0	 0.91	 1.0	 2.0	 2.0	 0.0	 0.0
0.330442888	 -0.8749	 418.439	 10.0	 0.0	 105.5	 14.0	 0.9298	 0.1	 0.0	 0.0	 10.0	 0.0
0.530393373	 2.2271	 286.368	 5.0	 0.0	 49.45	 7.0	 0.904	 0.1	 0.0	 0.0	 5.0	 0.0
0.765927801	 2.1351	 259.242	 4.0	 2.0	 67.79	 6.0	 0.432	 0.01	 1.0	 0.0	 4.0	 1.0
0.542794258	 3.2222	 311.297	 6.0	 0.0	 87.38	 4.0	 0.91	 0.1	 3.0	 0.0	 4.0	 0.0
0.596503289	 1.116	 173.171	 2.0	 0.0	 37.38	 1.0	 0.914	 0.1	 1.0	 0.0	 2.0	 0.0
0.378728031	 4.5179	 407.481	 4.0	 3.0	 89.28	 6.0	 0.92	 1.0	 7.0	 0.0	 0.0	 0.0
0.337684219	 6.9778	 372.518	 4.0	 0.0	 24.72	 5.0	 0.544	 0.005	 2.0	 2.0	 0.0	 0.0
0.674878289	 0.3181	 349.412	 5.0	 3.0	 112.73	 4.0	 0.673	 0.5	 3.0	 1.0	 4.0	 0.0
0.056274874	 8.5357	 645.94	 1.0	 1.0	 29.1	 33.0	 0.843	 0.01	 2.0	 0.0	 1.0	 0.0
0.489947277	 0.0964	 511.36	 6.0	 2.0	 110.29	 6.0	 0.862	 1.25	 3.0	 2.0	 5.0	 0.0
0.529376991	 1.1451	 133.154	 2.0	 2.0	 54.7	 0.0	 0.485	 0.5	 3.0	 0.0	 0.0	 0.0
0.085826193	 -2.4316	 573.199	 8.0	 10.0	 297.37	 16.0	 0.722	 0.01	 3.0	 0.0	 15.0	 5.0
0.632994974	 -0.8977	 230.094	 1.0	 1.0	 34.37	 1.0	 0.9	 5.0	 1.0	 0.0	 1.0	 0.0
0.595269966	 3.2244	 262.316	 2.0	 2.0	 57.36	 3.0	 0.94	 1.0	 4.0	 0.0	 0.0	 0.0
0.753464549	 2.8484	 213.236	 3.0	 2.0	 52.82	 2.0	 0.8	 1.0	 1.0	 0.0	 2.0	 0.0
0.292355805	 -0.3188	 427.261	 2.0	 1.0	 45.34	 6.0	 0.923	 1.0	 3.0	 0.0	 1.0	 0.0
0.492567582	 5.61224	 389.886	 3.0	 1.0	 46.92	 4.0	 0.864	 0.001	 3.0	 0.0	 1.0	 0.0
0.840443782	 3.78052	 255.342	 3.0	 1.0	 29.1	 1.0	 0.88	 0.01	 1.0	 1.0	 1.0	 0.0
0.672807286	 2.0749	 186.214	 3.0	 0.0	 34.89	 2.0	 0.772	 5.0	 2.0	 0.0	 1.0	 0.0
0.091865486	 5.9788	 625.74	 4.0	 0.0	 39.29	 19.0	 0.7492	 0.05	 4.0	 0.0	 1.0	 0.0
0.301481298	 3.5148	 449.379	 9.0	 3.0	 171.44	 5.0	 0.465	 0.05	 5.0	 0.0	 7.0	 0.0
0.492284812	 2.04944	 319.321	 8.0	 1.0	 112.18	 6.0	 0.92	 1.0	 5.0	 0.0	 4.0	 0.0
0.788610417	 2.7988	 274.364	 4.0	 1.0	 45.59	 7.0	 0.937	 1.0	 2.0	 0.0	 2.0	 0.0
0.761334114	 1.4157	 218.256	 4.0	 2.0	 68.37	 4.0	 0.989	 0.1	 2.0	 0.0	 2.0	 0.0
0.780328242	 3.24608	 329.359	 5.0	 1.0	 81.16	 2.0	 0.609	 0.01	 3.0	 0.0	 2.0	 0.0
0.930455472	 1.83868	 283.331	 5.0	 1.0	 69.38	 3.0	 0.86	 0.1	 3.0	 0.0	 2.0	 0.0
0.599963401	 3.85892	 294.35	 3.0	 0.0	 43.37	 6.0	 0.67	 0.001	 0.0	 0.0	 3.0	 0.0
0.776347529	 2.6335	 228.251	 4.0	 2.0	 65.71	 2.0	 0.855	 0.5	 2.0	 0.0	 2.0	 0.0
0.472097243	 -1.0796	 197.227	 8.0	 2.0	 87.44	 2.0	 0.716	 1.0	 7.0	 1.0	 0.0	 0.0
0.787087879	 0.8768	 310.335	 7.0	 2.0	 116.43	 5.0	 0.7359	 0.01	 4.0	 1.0	 4.0	 0.0
0.765927801	 2.1351	 259.242	 4.0	 2.0	 67.79	 6.0	 0.9406	 1.0	 1.0	 0.0	 4.0	 1.0
0.657282831	 2.6864	 201.254	 3.0	 1.0	 41.57	 1.0	 0.861	 1.0	 3.0	 1.0	 0.0	 0.0
0.353322091	 5.8101	 399.45	 6.0	 3.0	 105.75	 6.0	 0.95	 0.6	 3.0	 0.0	 3.0	 0.0
0.353322091	 5.8101	 399.45	 6.0	 3.0	 105.75	 6.0	 0.94	 0.4	 3.0	 0.0	 3.0	 0.0
0.669269887	 2.0746	 362.403	 6.0	 0.0	 77.66	 8.0	 0.945	 0.001	 0.0	 1.0	 6.0	 0.0
0.589240935	 3.6765	 384.457	 7.0	 0.0	 62.7	 0.0	 0.768	 0.001	 2.0	 1.0	 4.0	 0.0
0.447019227	 -1.8833	 266.126	 1.0	 0.0	 8.81	 3.0	 0.745	 0.5	 2.0	 0.0	 0.0	 0.0
0.816738641	 1.4846	 227.267	 4.0	 2.0	 57.51	 2.0	 0.9237	 0.1	 3.0	 0.0	 1.0	 0.0
0.564274954	 -1.1742	 411.346	 6.0	 2.0	 110.29	 4.0	 0.1792	 0.5	 3.0	 2.0	 5.0	 0.0
0.735795169	 4.2129	 296.757	 3.0	 1.0	 45.48	 3.0	 0.845	 0.01	 2.0	 0.0	 1.0	 0.0
0.638054264	 3.8256	 219.287	 1.0	 0.0	 12.89	 2.0	 0.9654	 1.0	 1.0	 0.0	 0.0	 0.0
0.687292653	 1.5779	 160.176	 3.0	 1.0	 38.05	 1.0	 0.784	 1.0	 2.0	 0.0	 1.0	 0.0
0.523178944	 4.7688	 344.414	 4.0	 0.0	 36.28	 5.0	 0.92	 0.1	 2.0	 0.0	 2.0	 0.0
0.737235113	 2.9088	 298.338	 4.0	 0.0	 43.52	 7.0	 0.82	 0.001	 0.0	 0.0	 4.0	 0.0
0.547823603	 4.6912	 296.42	 4.0	 0.0	 25.78	 3.0	 0.79	 0.25	 2.0	 2.0	 0.0	 0.0
0.66715862	 2.1936	 224.223	 5.0	 0.0	 64.7	 2.0	 0.957	 0.8	 4.0	 0.0	 1.0	 0.0
0.693701966	 2.30364	 290.754	 4.0	 1.0	 59.28	 4.0	 0.93	 1.0	 4.0	 0.0	 1.0	 0.0
0.260555783	 7.9967	 403.676	 2.0	 0.0	 20.31	 16.0	 0.706	 0.01	 1.0	 1.0	 1.0	 0.0
0.363401348	 3.2623	 271.059	 4.0	 0.0	 73.1	 2.0	 0.77	 0.5	 2.0	 0.0	 3.0	 0.0
0.468458316	 4.3263	 296.333	 3.0	 1.0	 54.46	 1.0	 0.892	 1.0	 4.0	 0.0	 0.0	 0.0
0.635027937	 3.6433	 296.351	 5.0	 0.0	 44.24	 0.0	 0.986	 0.1	 2.0	 1.0	 2.0	 0.0
0.686847503	 3.9951	 250.373	 5.0	 0.0	 25.78	 2.0	 0.898	 0.05	 2.0	 3.0	 0.0	 0.0
0.623426465	 1.42442	 187.198	 2.0	 0.0	 37.38	 1.0	 0.965	 1.0	 1.0	 0.0	 2.0	 0.0
0.395512834	 0.5519	 223.257	 3.0	 3.0	 87.71	 3.0	 0.882	 0.1	 3.0	 1.0	 2.0	 0.0
0.722669886	 2.3061	 252.273	 4.0	 1.0	 55.12	 1.0	 0.9194	 1.0	 2.0	 0.0	 2.0	 0.0
0.516573031	 1.4281	 330.373	 8.0	 1.0	 98.58	 7.0	 0.987	 1.0	 6.0	 1.0	 2.0	 0.0
0.330442888	 -0.8749	 418.439	 10.0	 0.0	 105.5	 14.0	 0.9107	 0.01	 0.0	 0.0	 10.0	 0.0
0.683197649	 3.1371	 378.501	 4.0	 2.0	 51.63	 3.0	 0.935	 1.0	 4.0	 1.0	 1.0	 0.0
0.295692545	 7.096	 400.572	 4.0	 0.0	 24.72	 7.0	 0.811	 1.0	 2.0	 2.0	 0.0	 0.0
0.758000611	 3.45122	 211.264	 2.0	 1.0	 32.59	 2.0	 0.93	 1.0	 1.0	 0.0	 1.0	 0.0
0.765927801	 2.1351	 259.242	 4.0	 2.0	 67.79	 6.0	 0.7176	 0.1	 1.0	 0.0	 4.0	 1.0
0.860282465	 3.5624	 258.365	 3.0	 1.0	 36.36	 6.0	 0.94	 1.0	 2.0	 0.0	 1.0	 0.0
0.341201529	 6.38474	 458.359	 4.0	 1.0	 50.94	 3.0	 0.773	 0.001	 3.0	 0.0	 1.0	 0.0
0.635027937	 3.6433	 296.351	 5.0	 0.0	 44.24	 0.0	 0.627	 0.001	 2.0	 1.0	 2.0	 0.0
0.75995588	 1.6968	 264.3	 3.0	 0.0	 40.62	 5.0	 0.743	 0.01	 2.0	 0.0	 2.0	 0.0
0.801218968	 2.4651	 238.246	 3.0	 2.0	 61.69	 1.0	 0.912	 1.0	 2.0	 0.0	 2.0	 0.0
0.722669886	 2.3061	 252.273	 4.0	 1.0	 55.12	 1.0	 0.8826	 0.1	 2.0	 0.0	 2.0	 0.0
0.151853163	 4.4184	 569.632	 4.0	 0.0	 39.29	 15.0	 0.9127	 1.0	 4.0	 0.0	 1.0	 0.0
0.601111719	 0.8552	 188.119	 2.0	 3.0	 77.76	 2.0	 0.91	 0.4	 0.0	 0.0	 4.0	 1.0
0.689170014	 2.3254	 197.035	 1.0	 1.0	 28.68	 0.0	 0.86	 5.0	 2.0	 0.0	 0.0	 0.0
0.513808763	 -1.1578	 295.18	 2.0	 0.0	 26.0	 5.0	 0.9103	 1.0	 2.0	 0.0	 1.0	 0.0
0.601111719	 0.8552	 188.119	 2.0	 3.0	 77.76	 2.0	 0.73	 0.2	 0.0	 0.0	 4.0	 1.0
0.237675584	 6.8904	 431.669	 5.0	 0.0	 63.38	 18.0	 0.697	 0.001	 5.0	 0.0	 1.0	 0.0
0.455246988	 -1.0107	 162.214	 3.0	 3.0	 61.36	 2.0	 0.7179	 0.1	 2.0	 1.0	 2.0	 0.0
0.777972763	 3.7469	 282.73	 2.0	 1.0	 45.75	 2.0	 0.836	 0.01	 2.0	 0.0	 1.0	 0.0
0.319052089	 3.3712	 408.639	 8.0	 3.0	 81.24	 18.0	 0.8361	 0.01	 8.0	 0.0	 0.0	 0.0
0.697026125	 3.01118	 316.316	 5.0	 1.0	 89.25	 1.0	 0.89	 1.0	 2.0	 0.0	 3.0	 0.0
0.237675584	 6.8904	 431.669	 5.0	 0.0	 63.38	 18.0	 0.939	 0.01	 5.0	 0.0	 1.0	 0.0
0.039295846	 7.515	 920.96	 4.0	 0.0	 43.18	 25.0	 0.9559	 0.25	 4.0	 0.0	 2.0	 0.0
0.020655321	 11.0515	 813.636	 6.0	 2.0	 73.8	 34.0	 0.931	 0.0075	 5.0	 0.0	 2.0	 0.0
0.690462799	 0.641	 165.192	 2.0	 2.0	 63.32	 3.0	 0.868	 1.0	 1.0	 0.0	 2.0	 0.0
0.601111719	 0.8552	 188.119	 2.0	 3.0	 77.76	 2.0	 0.86	 0.3	 0.0	 0.0	 4.0	 1.0
0.513808763	 -1.1578	 295.18	 2.0	 0.0	 26.0	 5.0	 0.7703	 0.1	 2.0	 0.0	 1.0	 0.0
0.136790235	 8.2246	 466.72	 4.0	 2.0	 57.36	 15.0	 0.94	 0.05	 4.0	 2.0	 0.0	 0.0
0.642679891	 2.1212	 174.203	 2.0	 1.0	 41.46	 0.0	 0.8719	 0.5	 2.0	 0.0	 1.0	 0.0
0.66715862	 2.1936	 224.223	 5.0	 0.0	 64.7	 2.0	 0.836	 0.4	 4.0	 0.0	 1.0	 0.0
0.620574287	 1.0698	 250.327	 4.0	 2.0	 48.89	 3.0	 0.65	 0.001	 4.0	 1.0	 1.0	 0.0
0.16662546	 1.9386	 508.339	 3.0	 0.0	 30.82	 14.0	 0.6478	 0.005	 2.0	 0.0	 2.0	 0.0
0.384735163	 -0.5638	 326.319	 2.0	 1.0	 29.46	 12.0	 0.843	 0.1	 1.0	 0.0	 2.0	 0.0
0.781471409	 2.9436	 244.227	 4.0	 1.0	 55.76	 6.0	 0.81	 0.3	 0.0	 0.0	 4.0	 1.0
0.027115054	 10.6358	 1033.176	 4.0	 0.0	 43.18	 33.0	 0.9636	 0.05	 4.0	 0.0	 2.0	 0.0
0.201523642	 8.5072	 511.456	 4.0	 0.0	 35.64	 7.0	 0.86	 0.5	 4.0	 0.0	 0.0	 0.0
0.377652927	 2.591	 380.585	 8.0	 3.0	 81.24	 16.0	 0.9075	 0.25	 8.0	 0.0	 0.0	 0.0
0.818225785	 3.1514	 227.263	 3.0	 1.0	 41.82	 3.0	 0.8	 0.5	 1.0	 0.0	 2.0	 0.0
0.344608358	 4.1421	 408.31	 5.0	 3.0	 80.97	 4.0	 0.8035	 0.01	 3.0	 1.0	 2.0	 0.0
0.586382784	 3.0633	 342.347	 5.0	 1.0	 82.06	 8.0	 0.8974	 0.01	 0.0	 0.0	 6.0	 0.0
0.299623337	 -0.7089	 413.234	 2.0	 1.0	 45.34	 5.0	 0.838	 0.5	 3.0	 0.0	 1.0	 0.0
0.403203132	 2.5895	 240.218	 3.0	 1.0	 76.0	 1.0	 0.663	 0.05	 2.0	 0.0	 3.0	 0.0
0.560220765	 0.265	 357.295	 1.0	 0.0	 8.81	 6.0	 0.921	 0.5	 2.0	 0.0	 0.0	 0.0
0.532972111	 -1.0906	 313.582	 2.0	 0.0	 33.84	 3.0	 0.55	 0.01	 2.0	 0.0	 1.0	 0.0
0.136790235	 8.2246	 466.72	 4.0	 2.0	 57.36	 15.0	 0.96	 0.1	 4.0	 2.0	 0.0	 0.0
0.547090101	 4.51387	 326.396	 3.0	 2.0	 59.1	 4.0	 0.667	 0.005	 2.0	 1.0	 1.0	 0.0
0.052807208	 5.8006	 914.548	 2.0	 0.0	 24.72	 22.0	 0.9036	 0.5	 4.0	 0.0	 0.0	 0.0
0.837196983	 3.947	 322.408	 4.0	 2.0	 65.18	 4.0	 0.71	 2.0	 2.0	 0.0	 2.0	 0.0
0.370191345	 -1.1031	 294.18	 1.0	 0.0	 8.81	 5.0	 0.587	 0.05	 2.0	 0.0	 0.0	 0.0
0.652198006	 3.7919	 256.374	 3.0	 1.0	 15.6	 3.0	 0.693	 0.5	 2.0	 1.0	 0.0	 0.0
0.648091739	 2.6249	 195.225	 2.0	 1.0	 41.57	 1.0	 0.695	 0.1	 3.0	 0.0	 0.0	 0.0
0.8045268	 3.41052	 292.338	 3.0	 1.0	 54.98	 3.0	 0.92	 0.1	 2.0	 0.0	 2.0	 0.0
0.726982773	 2.0979	 192.243	 4.0	 2.0	 59.14	 1.0	 0.797	 0.1	 2.0	 1.0	 1.0	 0.0
0.078628621	 5.0594	 620.555	 3.0	 0.0	 30.82	 22.0	 0.7808	 0.05	 2.0	 0.0	 2.0	 0.0
0.56344964	 1.8312	 121.183	 1.0	 1.0	 26.02	 1.0	 0.4988	 1.0	 1.0	 0.0	 0.0	 0.0
0.669269887	 2.0746	 362.403	 6.0	 0.0	 77.66	 8.0	 0.976	 1.0	 0.0	 1.0	 6.0	 0.0
0.220932484	 2.858	 513.524	 4.0	 0.0	 39.29	 11.0	 0.7492	 0.1	 4.0	 0.0	 1.0	 0.0
0.852738092	 2.5973	 326.352	 5.0	 2.0	 80.15	 6.0	 0.86	 0.1	 2.0	 0.0	 4.0	 0.0
0.736698634	 3.5312	 235.286	 2.0	 1.0	 33.12	 2.0	 0.9806	 1.0	 1.0	 0.0	 1.0	 0.0
0.344608358	 4.1421	 408.31	 5.0	 3.0	 80.97	 4.0	 0.8806	 0.1	 3.0	 1.0	 2.0	 0.0
0.114326601	 3.8418	 741.449	 4.0	 1.0	 55.4	 17.0	 0.861	 0.005	 2.0	 1.0	 3.0	 0.0
0.498325674	 -1.306	 206.267	 4.0	 3.0	 72.8	 4.0	 0.5951	 0.01	 2.0	 1.0	 3.0	 0.0
0.286601402	 6.9868	 446.598	 4.0	 0.0	 31.2	 7.0	 0.8183	 0.05	 4.0	 0.0	 0.0	 0.0
0.777233478	 0.8187	 189.218	 4.0	 1.0	 50.94	 3.0	 0.73	 0.4	 3.0	 0.0	 1.0	 0.0
0.218398214	 0.0591	 619.607	 11.0	 5.0	 284.74	 7.0	 0.9412	 0.5	 1.0	 5.0	 15.0	 0.0
0.498325674	 -1.306	 206.267	 4.0	 3.0	 72.8	 4.0	 0.6573	 0.1	 2.0	 1.0	 3.0	 0.0
0.027626814	 8.9214	 1026.764	 2.0	 0.0	 24.72	 30.0	 0.891	 0.1	 4.0	 0.0	 0.0	 0.0
0.652647325	 1.7317	 307.394	 4.0	 1.0	 67.34	 6.0	 0.94	 0.25	 3.0	 0.0	 2.0	 0.0
0.388816583	 0.2487	 180.236	 3.0	 2.0	 63.3	 2.0	 0.92	 1.5	 4.0	 1.0	 0.0	 0.0
0.046089926	 6.4931	 836.952	 1.0	 0.0	 24.72	 26.0	 0.7852	 0.1	 4.0	 1.0	 0.0	 0.0
0.581985719	 1.9772	 272.348	 4.0	 4.0	 64.52	 7.0	 0.69	 1.0	 2.0	 0.0	 2.0	 0.0
0.672807286	 2.0749	 186.214	 3.0	 0.0	 34.89	 2.0	 0.573	 0.5	 2.0	 0.0	 1.0	 0.0
0.540203252	 4.57127	 339.439	 3.0	 2.0	 53.11	 4.0	 0.773	 0.017	 3.0	 1.0	 0.0	 0.0
0.539835439	 0.6551	 371.322	 1.0	 0.0	 8.81	 7.0	 0.904	 0.05	 2.0	 0.0	 0.0	 0.0
0.853802392	 1.9116	 228.251	 4.0	 1.0	 54.71	 2.0	 0.8183	 0.1	 2.0	 0.0	 2.0	 0.0
0.655569504	 3.35452	 296.322	 3.0	 1.0	 63.6	 6.0	 0.7808	 0.1	 0.0	 0.0	 4.0	 0.0
0.54677041	 5.89682	 303.43	 2.0	 0.0	 12.36	 4.0	 0.842	 1.0	 1.0	 1.0	 0.0	 0.0
0.557999793	 -2.4448	 311.332	 6.0	 2.0	 110.29	 4.0	 0.137	 1.0	 3.0	 2.0	 5.0	 0.0
0.743871228	 2.2965	 276.39	 6.0	 1.0	 56.73	 4.0	 0.897	 0.05	 4.0	 2.0	 0.0	 0.0
0.448260676	 5.2548	 425.326	 3.0	 1.0	 50.69	 5.0	 0.95	 5.0	 2.0	 0.0	 2.0	 0.0
0.056274874	 8.5357	 645.94	 1.0	 1.0	 29.1	 33.0	 0.886	 0.05	 2.0	 0.0	 1.0	 0.0
0.056274874	 8.5357	 645.94	 1.0	 1.0	 29.1	 33.0	 0.985	 1.0	 2.0	 0.0	 1.0	 0.0
0.596503289	 1.116	 173.171	 2.0	 0.0	 37.38	 1.0	 0.934	 1.0	 1.0	 0.0	 2.0	 0.0
0.35029642	 6.5875	 418.496	 4.0	 1.0	 47.28	 5.0	 0.954	 1.0	 2.0	 0.0	 2.0	 0.0
0.419281973	 0.04949	 116.149	 3.0	 3.0	 70.49	 0.0	 0.676	 1.0	 4.0	 1.0	 0.0	 0.0
0.108159152	 -0.3084	 492.232	 6.0	 8.0	 236.6	 15.0	 0.7797	 1.0	 2.0	 0.0	 12.0	 4.0
0.565899971	 1.1451	 133.154	 2.0	 2.0	 54.7	 0.0	 0.171	 0.5	 3.0	 0.0	 0.0	 0.0
0.806113567	 3.1595	 291.354	 3.0	 1.0	 48.99	 3.0	 0.873	 0.01	 3.0	 0.0	 1.0	 0.0
0.027626814	 8.9214	 1026.764	 2.0	 0.0	 24.72	 30.0	 0.8224	 0.01	 4.0	 0.0	 0.0	 0.0
0.395512834	 0.5519	 223.257	 3.0	 3.0	 87.71	 3.0	 0.95	 0.3	 3.0	 1.0	 2.0	 0.0
0.780336143	 2.3202	 325.206	 3.0	 0.0	 40.62	 5.0	 0.862	 0.01	 2.0	 0.0	 2.0	 0.0
0.54677041	 5.89682	 303.43	 2.0	 0.0	 12.36	 4.0	 0.703	 0.5	 1.0	 1.0	 0.0	 0.0
0.108159152	 -0.3084	 492.232	 6.0	 8.0	 236.6	 15.0	 0.8187	 4.0	 2.0	 0.0	 12.0	 4.0
0.774127202	 3.15682	 227.263	 3.0	 2.0	 52.82	 2.0	 0.94	 5.0	 1.0	 0.0	 2.0	 0.0
0.706989908	 2.2702	 215.046	 2.0	 0.0	 26.3	 2.0	 0.761	 0.01	 0.0	 0.0	 2.0	 0.0
0.319052089	 3.3712	 408.639	 8.0	 3.0	 81.24	 18.0	 0.8733	 0.05	 8.0	 0.0	 0.0	 0.0
0.632617312	 3.2299	 194.237	 1.0	 1.0	 28.68	 1.0	 0.818	 0.5	 2.0	 0.0	 0.0	 0.0
0.403203132	 2.5895	 240.218	 3.0	 1.0	 76.0	 1.0	 0.838	 1.0	 2.0	 0.0	 3.0	 0.0
0.693701966	 2.30364	 290.754	 4.0	 1.0	 59.28	 4.0	 0.93	 1.0	 4.0	 0.0	 1.0	 0.0
0.487846583	 4.0724	 328.328	 6.0	 1.0	 110.67	 6.0	 0.9204	 0.1	 4.0	 0.0	 4.0	 0.0
0.072108081	 4.9327	 780.844	 1.0	 0.0	 24.72	 22.0	 0.9346	 1.0	 4.0	 1.0	 0.0	 0.0
0.49744238	 2.6772	 300.357	 2.0	 1.0	 45.34	 6.0	 0.635	 0.1	 3.0	 0.0	 1.0	 0.0
0.529683573	 3.7366	 297.362	 4.0	 1.0	 85.12	 4.0	 0.71	 0.01	 5.0	 0.0	 1.0	 0.0
0.729162508	 3.314	 266.3	 4.0	 0.0	 44.24	 3.0	 0.91	 0.1	 2.0	 0.0	 2.0	 0.0
0.459751268	 -0.7716	 151.129	 4.0	 3.0	 100.45	 0.0	 0.678	 1.0	 5.0	 0.0	 1.0	 0.0
0.214860338	 -0.7458	 429.426	 12.0	 0.0	 131.64	 18.0	 0.79	 0.1	 3.0	 0.0	 9.0	 0.0
0.706989908	 2.2702	 215.046	 2.0	 0.0	 26.3	 2.0	 0.819	 1.0	 0.0	 0.0	 2.0	 0.0
0.056274874	 8.5357	 645.94	 1.0	 1.0	 29.1	 33.0	 0.886	 0.05	 2.0	 0.0	 1.0	 0.0
0.855317811	 3.44792	 277.707	 4.0	 1.0	 62.8	 2.0	 0.606	 0.001	 1.0	 0.0	 3.0	 0.0
0.75440355	 2.9869	 377.444	 6.0	 1.0	 58.06	 4.0	 0.968	 1.0	 3.0	 0.0	 3.0	 0.0
0.351079522	 4.5677	 370.53	 5.0	 0.0	 49.45	 13.0	 0.922	 0.1	 0.0	 0.0	 5.0	 0.0
0.806113567	 3.1595	 291.354	 3.0	 1.0	 48.99	 3.0	 0.964	 1.0	 3.0	 0.0	 1.0	 0.0
0.299623337	 -0.7089	 413.234	 2.0	 1.0	 45.34	 5.0	 0.37	 0.05	 3.0	 0.0	 1.0	 0.0
0.500282	 1.57722	 107.156	 1.0	 1.0	 26.02	 0.0	 0.4313	 1.0	 1.0	 0.0	 0.0	 0.0
0.50555122	 5.3394	 328.487	 5.0	 0.0	 25.78	 4.0	 0.93	 1.0	 2.0	 3.0	 0.0	 0.0
0.490251453	 3.3238	 271.316	 3.0	 1.0	 58.89	 6.0	 0.9031	 0.1	 1.0	 0.0	 3.0	 0.0
0.782469977	 3.6572	 265.312	 3.0	 1.0	 42.35	 4.0	 0.942	 1.0	 1.0	 0.0	 2.0	 0.0
0.822605195	 2.8509	 256.374	 1.0	 2.0	 24.06	 4.0	 0.96	 0.2	 2.0	 1.0	 0.0	 0.0
0.387476388	 -0.6565	 306.191	 1.0	 0.0	 16.77	 6.0	 0.845	 0.01	 2.0	 0.0	 0.0	 0.0
0.800122242	 3.7227	 326.831	 4.0	 1.0	 30.87	 0.0	 0.943	 0.5	 4.0	 0.0	 0.0	 0.0
0.3143137	 3.8473	 411.558	 8.0	 4.0	 106.68	 13.0	 0.9366	 0.05	 9.0	 0.0	 0.0	 0.0
0.765927801	 2.1351	 259.242	 4.0	 2.0	 67.79	 6.0	 0.7153	 0.05	 1.0	 0.0	 4.0	 1.0
0.46018745	 4.0895	 251.289	 3.0	 0.0	 54.15	 3.0	 0.8974	 0.01	 3.0	 0.0	 1.0	 0.0
0.299623337	 -0.7089	 413.234	 2.0	 1.0	 45.34	 5.0	 0.886	 1.0	 3.0	 0.0	 1.0	 0.0
0.521511091	 1.0631	 102.524	 1.0	 1.0	 28.68	 0.0	 0.528	 5.0	 2.0	 0.0	 0.0	 0.0
0.683686542	 2.18522	 212.256	 2.0	 2.0	 57.36	 2.0	 0.8458	 0.1	 4.0	 0.0	 0.0	 0.0
0.553031528	 0.0237	 365.411	 6.0	 4.0	 132.96	 4.0	 0.626	 0.5	 3.0	 1.0	 5.0	 0.0
0.555933285	 4.9954	 361.832	 3.0	 1.0	 46.92	 4.0	 0.748	 0.001	 3.0	 0.0	 1.0	 0.0
0.7241864	 2.3923	 176.244	 3.0	 1.0	 38.91	 1.0	 0.916	 2.0	 2.0	 1.0	 0.0	 0.0
0.743871228	 2.2965	 276.39	 6.0	 1.0	 56.73	 4.0	 0.919	 0.1	 4.0	 2.0	 0.0	 0.0
0.679191675	 2.065	 303.387	 4.0	 1.0	 61.77	 5.0	 0.703	 0.5	 3.0	 1.0	 2.0	 0.0
0.693869236	 2.61592	 299.326	 5.0	 1.0	 70.75	 4.0	 0.878	 0.1	 1.0	 0.0	 4.0	 0.0
0.3143137	 3.8473	 411.558	 8.0	 4.0	 106.68	 13.0	 0.9688	 1.0	 9.0	 0.0	 0.0	 0.0
0.683686542	 2.18522	 212.256	 2.0	 2.0	 57.36	 2.0	 0.9219	 5.0	 4.0	 0.0	 0.0	 0.0
0.435603194	 3.876	 315.376	 4.0	 2.0	 70.97	 4.0	 0.8862	 1.0	 3.0	 0.0	 1.0	 0.0
0.632070638	 1.5511	 241.25	 4.0	 2.0	 74.58	 3.0	 0.707	 0.5	 3.0	 0.0	 2.0	 0.0
0.625606628	 2.2088	 223.235	 4.0	 0.0	 47.26	 2.0	 0.874	 1.0	 3.0	 0.0	 1.0	 0.0
0.623426465	 1.42442	 187.198	 2.0	 0.0	 37.38	 1.0	 0.828	 0.001	 1.0	 0.0	 2.0	 0.0
0.598539534	 1.8155	 234.234	 5.0	 0.0	 52.3	 4.0	 0.935	 1.0	 4.0	 0.0	 1.0	 0.0
0.656380298	 2.5257	 178.622	 2.0	 0.0	 17.82	 1.0	 0.246	 0.1	 2.0	 0.0	 0.0	 0.0
0.031007293	 9.0754	 977.068	 4.0	 0.0	 43.18	 29.0	 0.9739	 5.0	 4.0	 0.0	 2.0	 0.0
0.440225766	 0.8623	 209.274	 3.0	 2.0	 59.64	 3.0	 0.921	 0.3	 3.0	 1.0	 1.0	 0.0
0.740220911	 1.5577	 246.31	 3.0	 0.0	 40.62	 5.0	 0.703	 0.01	 2.0	 0.0	 2.0	 0.0
0.788610417	 2.7988	 274.364	 4.0	 1.0	 45.59	 7.0	 0.878	 0.1	 2.0	 0.0	 2.0	 0.0
0.822605195	 2.8509	 256.374	 1.0	 2.0	 24.06	 4.0	 0.51	 0.005	 2.0	 1.0	 0.0	 0.0
0.286601402	 6.9868	 446.598	 4.0	 0.0	 31.2	 7.0	 0.964	 0.5	 4.0	 0.0	 0.0	 0.0
0.800581628	 3.1021	 278.311	 3.0	 1.0	 54.98	 3.0	 0.78	 0.001	 2.0	 0.0	 2.0	 0.0
0.548948557	 2.7161	 168.199	 1.0	 1.0	 28.68	 0.0	 0.67	 0.2	 2.0	 0.0	 0.0	 0.0
0.330442888	 -0.8749	 418.439	 10.0	 0.0	 105.5	 14.0	 0.9287	 0.1	 0.0	 0.0	 10.0	 0.0
0.683686542	 2.18522	 212.256	 2.0	 2.0	 57.36	 2.0	 0.8875	 1.0	 4.0	 0.0	 0.0	 0.0
0.625012759	 3.6599	 340.404	 6.0	 0.0	 53.47	 0.0	 0.972	 0.05	 2.0	 1.0	 3.0	 0.0
0.837196983	 3.947	 322.408	 4.0	 2.0	 65.18	 4.0	 0.4	 0.2	 2.0	 0.0	 2.0	 0.0
0.79776327	 0.8608	 334.397	 4.0	 2.0	 86.71	 4.0	 0.706	 0.5	 2.0	 1.0	 4.0	 0.0
0.824744796	 2.79452	 243.262	 4.0	 1.0	 62.8	 2.0	 0.685	 0.01	 1.0	 0.0	 3.0	 0.0
0.751239926	 0.2137	 190.206	 5.0	 1.0	 63.83	 3.0	 0.892	 0.6	 4.0	 0.0	 1.0	 0.0
0.82033759	 1.5623	 316.43	 4.0	 2.0	 51.63	 2.0	 0.92	 0.1	 4.0	 1.0	 1.0	 0.0
0.60041896	 3.8726	 294.383	 3.0	 2.0	 57.36	 4.0	 0.81	 0.1	 4.0	 1.0	 0.0	 0.0
0.740220911	 1.5577	 246.31	 3.0	 0.0	 40.62	 5.0	 0.888	 1.0	 2.0	 0.0	 2.0	 0.0
0.151853163	 4.4184	 569.632	 4.0	 0.0	 39.29	 15.0	 0.94	 5.0	 4.0	 0.0	 1.0	 0.0
0.517543418	 5.01957	 312.825	 2.0	 2.0	 49.87	 3.0	 0.615	 0.001	 2.0	 1.0	 0.0	 0.0
0.112539311	 -15.2306	 1134.987	 35.0	 21.0	 554.05	 7.0	 0.833	 1.0	 0.0	 0.0	 35.0	 0.0
0.542794258	 3.2222	 311.297	 6.0	 0.0	 87.38	 4.0	 0.86	 0.01	 3.0	 0.0	 4.0	 0.0
0.611755605	 3.5344	 221.325	 3.0	 1.0	 32.59	 2.0	 0.916	 1.0	 1.0	 1.0	 1.0	 0.0
0.605331363	 2.8121	 209.252	 2.0	 2.0	 54.7	 1.0	 0.7	 0.1	 3.0	 0.0	 0.0	 0.0
0.456255118	 2.7127	 271.345	 3.0	 3.0	 56.65	 3.0	 0.6958	 0.01	 3.0	 1.0	 1.0	 0.0
0.791518224	 2.7595	 222.247	 2.0	 1.0	 41.46	 1.0	 0.748	 1.0	 2.0	 0.0	 1.0	 0.0
0.151853163	 4.4184	 569.632	 4.0	 0.0	 39.29	 15.0	 0.8648	 0.1	 4.0	 0.0	 1.0	 0.0
0.667781837	 0.9887	 217.272	 4.0	 3.0	 71.17	 4.0	 0.969	 1.0	 3.0	 0.0	 1.0	 0.0
0.553031528	 0.0237	 365.411	 6.0	 4.0	 132.96	 4.0	 0.362	 0.1	 3.0	 1.0	 5.0	 0.0
0.408306999	 1.1856	 168.152	 4.0	 1.0	 78.39	 2.0	 0.668	 0.001	 2.0	 0.0	 3.0	 0.0
0.855317811	 3.44792	 277.707	 4.0	 1.0	 62.8	 2.0	 0.814	 1.0	 1.0	 0.0	 3.0	 0.0
0.747904394	 2.3431	 296.33	 6.0	 1.0	 75.19	 4.0	 0.948	 0.1	 4.0	 0.0	 2.0	 0.0
0.623426465	 1.42442	 187.198	 2.0	 0.0	 37.38	 1.0	 0.89	 0.01	 1.0	 0.0	 2.0	 0.0
0.572529309	 0.3642	 407.314	 6.0	 1.0	 111.42	 4.0	 0.2801	 2.0	 3.0	 2.0	 5.0	 0.0
0.605331363	 2.8121	 209.252	 2.0	 2.0	 54.7	 1.0	 0.893	 1.0	 3.0	 0.0	 0.0	 0.0
0.330442888	 -0.8749	 418.439	 10.0	 0.0	 105.5	 14.0	 0.9258	 0.01	 0.0	 0.0	 10.0	 0.0
0.777233478	 0.8187	 189.218	 4.0	 1.0	 50.94	 3.0	 0.863	 0.8	 3.0	 0.0	 1.0	 0.0
0.321947011	 6.9016	 386.545	 4.0	 0.0	 24.72	 6.0	 0.761	 1.0	 2.0	 2.0	 0.0	 0.0
0.172953213	 -2.58292	 488.413	 12.0	 7.0	 252.06	 4.0	 0.7763	 0.05	 6.0	 0.0	 9.0	 0.0
0.436026139	 4.2811	 312.423	 4.0	 2.0	 57.36	 4.0	 0.922	 0.01	 4.0	 2.0	 0.0	 0.0
0.384735163	 -0.5638	 326.319	 2.0	 1.0	 29.46	 12.0	 0.755	 0.01	 1.0	 0.0	 2.0	 0.0
0.593800404	 3.09812	 307.305	 5.0	 1.0	 80.4	 3.0	 0.705	 0.001	 1.0	 0.0	 4.0	 0.0
0.35029642	 6.5875	 418.496	 4.0	 1.0	 47.28	 5.0	 0.943	 0.1	 2.0	 0.0	 2.0	 0.0
0.824195904	 1.67444	 267.31	 5.0	 2.0	 98.22	 3.0	 0.6511	 0.01	 3.0	 1.0	 3.0	 0.0
